3 0.66640625 0.20859375 0.01015625 0.0359375
2 0.43828125 0.2171875 0.015625 0.03984375
3 0.41015625 0.309375 0.01015625 0.05625
2 0.30859375 0.26796875 0.009375 0.04296875
2 0.32734375 0.28828125 0.009375 0.05078125
2 0.47265625 0.30390625 0.01015625 0.0484375
2 0.5375 0.4359375 0.01796875 0.06875
2 0.60546875 0.2921875 0.01640625 0.04921875
2 0.41015625 0.3640625 0.01171875 0.05859375
2 0.240625 0.35078125 0.01484375 0.05859375
2 0.51640625 0.35625 0.01171875 0.05859375
2 0.5453125 0.49609375 0.01484375 0.07578125
2 0.5640625 0.38828125 0.01328125 0.06484375
2 0.27265625 0.3140625 0.01171875 0.0546875
2 0.1515625 0.6359375 0.0171875 0.0765625
2 0.1671875 0.603125 0.015625 0.0734375
2 0.50234375 0.6640625 0.01796875 0.078125
2 0.15390625 0.46171875 0.015625 0.07109375
2 0.709375 0.39765625 0.01484375 0.06171875
2 0.53359375 0.63828125 0.01484375 0.08828125
2 0.35234375 0.4578125 0.015625 0.0640625
2 0.21484375 0.36640625 0.0125 0.06171875
0 0.5921875 0.3125 0.00546875 0.0140625