3 0.66953125 0.3125 0.00625 0.025
2 0.5578125 0.35625 0.0109375 0.03359375
3 0.50625 0.39375 0.00859375 0.03359375
2 0.3703125 0.4328125 0.00859375 0.0359375
1 0.0890625 0.421875 0.01171875 0.0390625
2 0.3671875 0.5234375 0.00859375 0.04140625
2 0.3484375 0.43671875 0.01015625 0.0390625
2 0.365625 0.38671875 0.01015625 0.02890625
2 0.48671875 0.4125 0.00859375 0.034375
2 0.334375 0.4046875 0.00859375 0.03359375
2 0.38828125 0.41640625 0.00859375 0.034375
2 0.4625 0.3875 0.00703125 0.03203125
2 0.50234375 0.459375 0.0125 0.0390625
2 0.31328125 0.62578125 0.01328125 0.053125
2 0.1546875 0.65390625 0.0125 0.05
2 0.37890625 0.47109375 0.00859375 0.03828125
2 0.56328125 0.6359375 0.01171875 0.053125
2 0.58515625 0.54296875 0.01328125 0.03984375
2 0.28828125 0.48828125 0.0125 0.04453125
1 0.84609375 0.484375 0.00859375 0.040625
2 0.7453125 0.434375 0.00859375 0.03515625
3 0.16640625 0.67578125 0.01484375 0.05546875
2 0.2203125 0.59296875 0.01171875 0.0390625
2 0.5625 0.50390625 0.0109375 0.0453125
2 0.36796875 0.3671875 0.009375 0.0359375
0 0.65703125 0.6125 0.00703125 0.0125