3 0.59375 0.2203125 0.01171875 0.03671875
2 0.24140625 0.30546875 0.00859375 0.04453125
2 0.4140625 0.25703125 0.01171875 0.0390625
3 0.378125 0.328125 0.01171875 0.05078125
2 0.38203125 0.37578125 0.015625 0.053125
2 0.25234375 0.32890625 0.01015625 0.0515625
2 0.5734375 0.315625 0.0125 0.0484375
2 0.23359375 0.37578125 0.01171875 0.05859375
2 0.415625 0.403125 0.01171875 0.06171875
2 0.2046875 0.378125 0.01328125 0.05703125
2 0.33984375 0.43671875 0.01171875 0.06015625
2 0.175 0.41796875 0.0109375 0.06484375
2 0.5078125 0.43828125 0.01484375 0.06015625
2 0.1140625 0.52421875 0.01484375 0.0703125
2 0.5609375 0.690625 0.01640625 0.07578125
2 0.65625 0.43828125 0.01328125 0.0609375
2 0.48984375 0.54921875 0.01484375 0.07109375
1 0.9328125 0.453125 0.01015625 0.0609375
2 0.10390625 0.62578125 0.01640625 0.0703125
2 0.56796875 0.50703125 0.0171875 0.06640625
2 0.41796875 0.69765625 0.02421875 0.0859375
2 0.340625 0.51953125 0.015625 0.0703125
2 0.221875 0.659375 0.0203125 0.078125