3 0.7046875 0.27421875 0.00859375 0.02890625
0 0.53046875 0.6703125 0.00625 0.0109375
2 0.56640625 0.62734375 0.028125 0.05546875
2 0.8375 0.65546875 0.02265625 0.07109375
2 0.390625 0.38359375 0.009375 0.0484375
2 0.51015625 0.3890625 0.01015625 0.0484375
2 0.70078125 0.61875 0.01328125 0.06875
2 0.6265625 0.6765625 0.015625 0.0609375
2 0.346875 0.37734375 0.0140625 0.046875
2 0.7515625 0.4921875 0.0109375 0.05625
3 0.6734375 0.47578125 0.01328125 0.05703125
2 0.6421875 0.6671875 0.02109375 0.075
2 0.6828125 0.3765625 0.01484375 0.046875
3 0.03046875 0.74140625 0.02265625 0.07890625
2 0.35703125 0.53828125 0.01640625 0.05625
2 0.79296875 0.60703125 0.01796875 0.0703125
2 0.68203125 0.63125 0.02265625 0.065625
2 0.71171875 0.659375 0.015625 0.06328125
2 0.4640625 0.48125 0.01328125 0.05390625
2 0.28125 0.41640625 0.01484375 0.05390625
2 0.11484375 0.60078125 0.01484375 0.0734375
2 0.6203125 0.5234375 0.01484375 0.06328125
2 0.45859375 0.625 0.01640625 0.06328125
2 0.55078125 0.29140625 0.009375 0.04140625