2 0.728125 0.2796875 0.0234375 0.05
3 0.7296875 0.19765625 0.01640625 0.03828125
2 0.42734375 0.2 0.01015625 0.04296875
2 0.4703125 0.23671875 0.00859375 0.03828125
2 0.7359375 0.290625 0.0171875 0.0546875
2 0.38515625 0.2375 0.0140625 0.0453125
2 0.546875 0.2203125 0.01015625 0.040625
2 0.47109375 0.27109375 0.015625 0.05078125
2 0.6265625 0.378125 0.0265625 0.059375
2 0.5953125 0.2921875 0.01328125 0.05078125
3 0.546875 0.41015625 0.01015625 0.06328125
2 0.62265625 0.253125 0.01015625 0.0484375
2 0.4421875 0.27265625 0.0109375 0.053125
2 0.78828125 0.39296875 0.01640625 0.06015625
2 0.27421875 0.28515625 0.01171875 0.05390625
2 0.7046875 0.37578125 0.01328125 0.0609375
2 0.70234375 0.25390625 0.0203125 0.05
2 0.3640625 0.33203125 0.01171875 0.059375
2 0.81796875 0.5234375 0.01875 0.0703125
2 0.76953125 0.43046875 0.01796875 0.06875
2 0.8296875 0.6953125 0.02265625 0.09453125
2 0.20703125 0.52421875 0.01953125 0.08046875
0 0.38984375 0.2546875 0.00546875 0.0125