0 0.275 0.55078125 0.0125 0.01171875
2 0.8703125 0.26484375 0.01328125 0.04609375
2 0.68125 0.2203125 0.0171875 0.0515625
3 0.90390625 0.209375 0.0140625 0.04609375
2 0.48984375 0.215625 0.01171875 0.0453125
2 0.528125 0.234375 0.01015625 0.046875
2 0.41875 0.26875 0.01484375 0.05625
3 0.53203125 0.3140625 0.0125 0.0546875
2 0.39375 0.5375 0.01796875 0.06796875
2 0.5234375 0.33984375 0.01484375 0.0609375
2 0.3015625 0.36171875 0.01328125 0.06640625
2 0.71953125 0.36875 0.015625 0.06328125
2 0.79453125 0.30703125 0.015625 0.0609375
2 0.675 0.31640625 0.01640625 0.06328125
2 0.92265625 0.39609375 0.0125 0.065625
2 0.43515625 0.42890625 0.02109375 0.06953125
2 0.7734375 0.5984375 0.01796875 0.08671875
2 0.6046875 0.36484375 0.01640625 0.0609375
2 0.32109375 0.39609375 0.015625 0.07109375
2 0.2125 0.571875 0.0203125 0.07578125
2 0.7015625 0.47265625 0.0171875 0.0765625
2 0.259375 0.41171875 0.0203125 0.071875
2 0.18125 0.59609375 0.03515625 0.0703125