2 0.4 0.2046875 0.01015625 0.04453125
3 0.70078125 0.19140625 0.01171875 0.03828125
2 0.52578125 0.22578125 0.0125 0.03828125
3 0.56640625 0.41328125 0.0109375 0.0625
2 0.59453125 0.265625 0.01015625 0.046875
2 0.44296875 0.25859375 0.01484375 0.04609375
2 0.71796875 0.3 0.01171875 0.05546875
2 0.3625 0.27421875 0.0109375 0.04921875
2 0.6625 0.26171875 0.0140625 0.0515625
2 0.3265625 0.26484375 0.01484375 0.05546875
2 0.76015625 0.28515625 0.01484375 0.0515625
2 0.4546875 0.265625 0.01015625 0.04921875
2 0.70546875 0.32890625 0.0125 0.0546875
2 0.3328125 0.31875 0.01328125 0.05078125
2 0.58203125 0.3140625 0.0109375 0.05546875
2 0.7546875 0.35703125 0.01484375 0.05625
2 0.81875 0.525 0.0171875 0.0703125
2 0.171875 0.28671875 0.01484375 0.05390625
2 0.7484375 0.43515625 0.01328125 0.06640625
2 0.27109375 0.5046875 0.01640625 0.06875
2 0.815625 0.7140625 0.0234375 0.09140625
2 0.5640625 0.39140625 0.009375 0.04453125