2 0.6875 0.48671875 0.02734375 0.06640625
2 0.6984375 0.4921875 0.02421875 0.05859375
2 0.109375 0.61015625 0.01796875 0.078125
2 0.56875 0.5484375 0.01796875 0.06796875
2 0.3296875 0.3484375 0.0125 0.04609375
2 0.23125 0.43515625 0.02109375 0.05546875
2 0.65 0.54296875 0.02890625 0.05859375
2 0.74140625 0.5890625 0.03203125 0.0609375
2 0.6234375 0.634375 0.0171875 0.06953125
2 0.6734375 0.36796875 0.02109375 0.04609375
2 0.3765625 0.5734375 0.0171875 0.06640625
2 0.71484375 0.5765625 0.02265625 0.059375
2 0.134375 0.63046875 0.0140625 0.078125
2 0.634375 0.315625 0.021875 0.04140625
2 0.15234375 0.45703125 0.01328125 0.06328125
2 0.234375 0.49921875 0.0171875 0.06796875
2 0.55859375 0.4609375 0.02109375 0.059375
3 0.496875 0.409375 0.01796875 0.0484375
2 0.39609375 0.5296875 0.021875 0.06328125
2 0.49921875 0.56171875 0.021875 0.0703125
2 0.2203125 0.67578125 0.02578125 0.06796875
3 0.59296875 0.21171875 0.01171875 0.03046875
0 0.7453125 0.60859375 0.0078125 0.01328125