2 0.353125 0.41484375 0.01015625 0.04296875
2 0.2796875 0.48125 0.01484375 0.05
2 0.35390625 0.4515625 0.0125 0.05078125
2 0.565625 0.409375 0.01328125 0.04609375
2 0.59609375 0.4078125 0.01328125 0.0453125
2 0.6796875 0.58671875 0.0234375 0.05625
3 0.5515625 0.42890625 0.01171875 0.04921875
2 0.60859375 0.51171875 0.01171875 0.05
3 0.05234375 0.83828125 0.03125 0.07421875
1 0.07578125 0.4109375 0.01640625 0.046875
2 0.68046875 0.634375 0.01875 0.06484375
2 0.70859375 0.5015625 0.0125 0.0546875
2 0.52578125 0.54375 0.01484375 0.05625
2 0.3125 0.56484375 0.01328125 0.0609375
2 0.2703125 0.5296875 0.01484375 0.059375
2 0.45390625 0.559375 0.0140625 0.05859375
2 0.4375 0.5609375 0.01328125 0.05703125
2 0.54375 0.5609375 0.0203125 0.05546875
2 0.40703125 0.6109375 0.01796875 0.0609375
2 0.19140625 0.62890625 0.015625 0.05546875
2 0.59140625 0.63515625 0.02109375 0.06484375
2 0.565625 0.62890625 0.01640625 0.06640625
2 0.73359375 0.5703125 0.0171875 0.05546875
0 0.5328125 0.3921875 0.00625 0.01171875
3 0.6875 0.25859375 0.00703125 0.03046875