3 0.66796875 0.26328125 0.00859375 0.02890625
2 0.40703125 0.37734375 0.009375 0.04375
3 0.059375 0.94609375 0.0265625 0.08828125
3 0.5265625 0.409375 0.01328125 0.04453125
2 0.32265625 0.6125 0.01171875 0.0546875
2 0.69609375 0.378125 0.01015625 0.04140625
2 0.34921875 0.51953125 0.0109375 0.05625
2 0.3671875 0.43515625 0.0109375 0.0484375
2 0.75 0.596875 0.015625 0.0609375
2 0.67421875 0.36171875 0.01171875 0.04375
2 0.56875 0.49375 0.01640625 0.05
2 0.309375 0.60703125 0.01171875 0.065625
2 0.51953125 0.46328125 0.0109375 0.053125
2 0.46171875 0.5671875 0.015625 0.06171875
2 0.28828125 0.46171875 0.0140625 0.05625
2 0.4890625 0.59921875 0.01640625 0.06015625
2 0.47734375 0.63828125 0.01875 0.06328125
2 0.71640625 0.48359375 0.01640625 0.05
2 0.53515625 0.5484375 0.01796875 0.05859375
2 0.240625 0.58671875 0.01953125 0.06640625
2 0.79375 0.5484375 0.02421875 0.046875
2 0.4171875 0.5421875 0.01953125 0.053125
2 0.665625 0.61328125 0.01953125 0.06328125
0 0.69375 0.3953125 0.0046875 0.009375