2 0.42265625 0.184375 0.01484375 0.03671875
2 0.45546875 0.28828125 0.0125 0.0421875
2 0.68359375 0.23125 0.01171875 0.04609375
2 0.53046875 0.28984375 0.01953125 0.04609375
2 0.6234375 0.35859375 0.0140625 0.05546875
2 0.24453125 0.2359375 0.02109375 0.03984375
2 0.1859375 0.4140625 0.01953125 0.06953125
2 0.22421875 0.265625 0.01015625 0.053125
2 0.28984375 0.21875 0.009375 0.0453125
2 0.2 0.4296875 0.02109375 0.0609375
2 0.72421875 0.34375 0.01171875 0.05625
2 0.56484375 0.2515625 0.01171875 0.046875
2 0.58515625 0.61953125 0.02421875 0.075
3 0.06484375 0.875 0.04375 0.10078125
2 0.434375 0.28203125 0.01484375 0.04609375
2 0.60234375 0.321875 0.0109375 0.05390625
2 0.5546875 0.37109375 0.01328125 0.05390625
3 0.51171875 0.36328125 0.01640625 0.05859375
2 0.528125 0.44375 0.0171875 0.0609375
2 0.64375 0.39765625 0.01484375 0.06015625
2 0.396875 0.553125 0.0296875 0.06953125
2 0.45234375 0.26328125 0.0109375 0.04296875
0 0.43828125 0.284375 0.00546875 0.00859375
3 0.60390625 0.1375 0.01015625 0.03125