2 0.69921875 0.51875 0.00859375 0.0390625
2 0.49375 0.434375 0.00703125 0.02890625
1 0.1875 0.50703125 0.01015625 0.04140625
2 0.66015625 0.46796875 0.00625 0.028125
2 0.58828125 0.52109375 0.00859375 0.0390625
2 0.28203125 0.66953125 0.0125 0.05
2 0.7359375 0.578125 0.00859375 0.04296875
2 0.4375 0.52421875 0.00859375 0.0359375
2 0.49140625 0.61953125 0.009375 0.0484375
2 0.590625 0.5765625 0.00859375 0.04296875
2 0.53828125 0.6765625 0.01171875 0.04921875
2 0.759375 0.6765625 0.00859375 0.0515625
3 0.5640625 0.5859375 0.009375 0.04140625
2 0.67421875 0.50703125 0.0078125 0.03671875
3 0.0765625 0.85 0.01953125 0.06328125
2 0.7125 0.58125 0.01015625 0.04609375
2 0.47734375 0.52421875 0.01328125 0.03359375
2 0.2421875 0.5953125 0.00859375 0.04453125
2 0.4171875 0.72734375 0.01796875 0.05859375
2 0.68515625 0.61640625 0.01015625 0.046875
2 0.72109375 0.7640625 0.0171875 0.05625
2 0.87421875 0.8140625 0.01796875 0.059375
2 0.56875 0.8859375 0.01796875 0.06796875
0 0.28671875 0.68359375 0.0046875 0.009375
3 0.65703125 0.40625 0.0078125 0.0265625