3 0.62421875 0.56953125 0.01015625 0.040625
2 0.71640625 0.46171875 0.00859375 0.0359375
2 0.3515625 0.43046875 0.00703125 0.03359375
2 0.63203125 0.60625 0.01015625 0.0515625
2 0.61796875 0.4078125 0.00625 0.03046875
1 0.86015625 0.50078125 0.009375 0.03984375
2 0.721875 0.4765625 0.00859375 0.040625
2 0.6890625 0.65 0.0203125 0.0515625
2 0.83671875 0.51171875 0.00859375 0.040625
2 0.315625 0.4828125 0.00859375 0.04375
2 0.56796875 0.50546875 0.009375 0.04296875
2 0.9203125 0.596875 0.009375 0.053125
2 0.3953125 0.43203125 0.00859375 0.03515625
2 0.60625 0.46796875 0.00859375 0.040625
2 0.5015625 0.51953125 0.00859375 0.040625
2 0.61328125 0.590625 0.01640625 0.05
2 0.8125 0.73984375 0.0140625 0.06484375
2 0.32578125 0.5984375 0.01171875 0.0515625
2 0.6890625 0.54921875 0.01015625 0.04453125
2 0.7625 0.62578125 0.01328125 0.05078125
3 0.278125 0.94609375 0.0234375 0.07890625
2 0.54609375 0.59296875 0.01171875 0.05390625
2 0.54140625 0.71640625 0.02109375 0.0609375
0 0.85 0.51328125 0.0046875 0.00859375
3 0.68046875 0.36484375 0.00625 0.028125