2 0.78125 0.3796875 0.02109375 0.05390625
2 0.36953125 0.17109375 0.00859375 0.03671875
1 0.92734375 0.31875 0.01015625 0.0484375
2 0.61953125 0.2453125 0.01015625 0.0484375
2 0.74609375 0.42109375 0.01484375 0.0546875
3 0.51875 0.38828125 0.01015625 0.05625
3 0.08671875 0.90078125 0.025 0.10390625
2 0.57265625 0.24921875 0.01015625 0.04296875
2 0.8921875 0.61171875 0.01875 0.0734375
2 0.15703125 0.31328125 0.0109375 0.05390625
2 0.10625 0.36796875 0.01015625 0.06171875
2 0.5125 0.28984375 0.01484375 0.0484375
2 0.8046875 0.325 0.01640625 0.05
2 0.778125 0.41796875 0.0203125 0.053125
2 0.75546875 0.4375 0.01484375 0.06015625
2 0.12734375 0.27421875 0.01015625 0.0484375
2 0.3703125 0.39765625 0.01640625 0.05859375
2 0.60390625 0.5640625 0.01484375 0.06796875
2 0.809375 0.58984375 0.02578125 0.06640625
2 0.21484375 0.55625 0.015625 0.0796875
2 0.34140625 0.36875 0.01015625 0.0609375
2 0.27265625 0.54140625 0.01796875 0.075
2 0.53671875 0.5265625 0.0234375 0.06328125
3 0.50859375 0.12890625 0.009375 0.03125
0 0.75078125 0.396875 0.00546875 0.009375