2 0.51328125 0.284375 0.0125 0.053125
2 0.18046875 0.278125 0.01015625 0.04921875
2 0.39765625 0.18671875 0.01015625 0.03828125
2 0.65625 0.25 0.01015625 0.0484375
2 0.64140625 0.4265625 0.01328125 0.05859375
2 0.5046875 0.29609375 0.021875 0.03828125
1 0.93046875 0.30234375 0.015625 0.04921875
2 0.209375 0.2515625 0.01015625 0.04921875
2 0.73359375 0.31640625 0.01171875 0.05078125
2 0.61328125 0.325 0.01328125 0.0515625
2 0.63515625 0.37578125 0.01640625 0.05
2 0.43515625 0.44140625 0.01328125 0.0703125
2 0.16875 0.296875 0.01171875 0.04921875
2 0.7546875 0.62109375 0.02890625 0.07109375
3 0.509375 0.40078125 0.015625 0.05546875
2 0.41640625 0.35859375 0.01171875 0.0546875
3 0.1328125 0.87109375 0.03515625 0.09609375
2 0.59140625 0.52421875 0.02421875 0.065625
2 0.69140625 0.4453125 0.02421875 0.06328125
2 0.625 0.60859375 0.0375 0.071875
2 0.1984375 0.471875 0.01796875 0.07109375
2 0.23359375 0.49375 0.01875 0.06640625
3 0.54140625 0.1296875 0.01015625 0.034375
0 0.534375 0.3171875 0.00546875 0.01171875
2 0.51328125 0.2953125 0.01171875 0.04296875