2 0.35 0.371875 0.01015625 0.03515625
2 0.696875 0.4015625 0.00859375 0.0359375
1 0.18828125 0.36171875 0.00859375 0.03359375
2 0.65546875 0.32734375 0.0078125 0.03203125
2 0.746875 0.41171875 0.01015625 0.04140625
2 0.20625 0.371875 0.01015625 0.034375
2 0.740625 0.4453125 0.01015625 0.04609375
2 0.49765625 0.40078125 0.00859375 0.03359375
2 0.6015625 0.36875 0.00703125 0.03359375
2 0.3578125 0.37109375 0.00859375 0.03671875
2 0.51640625 0.47109375 0.01171875 0.04375
2 0.3171875 0.4515625 0.00859375 0.0453125
2 0.4671875 0.74453125 0.0140625 0.0703125
3 0.49453125 0.43125 0.0109375 0.04296875
2 0.61796875 0.47890625 0.01015625 0.04453125
2 0.71484375 0.365625 0.01015625 0.0359375
2 0.528125 0.40546875 0.01171875 0.03828125
2 0.15625 0.5703125 0.01484375 0.05703125
2 0.7640625 0.49921875 0.01328125 0.053125
2 0.215625 0.5828125 0.01171875 0.0546875
2 0.71953125 0.61328125 0.01328125 0.059375
2 0.65234375 0.653125 0.01640625 0.0640625
0 0.271875 0.31328125 0.0078125 0.01328125
3 0.753125 0.31640625 0.00859375 0.0328125