1 0.84296875 0.45 0.00859375 0.0390625
2 0.9296875 0.51796875 0.0140625 0.04140625
2 0.60078125 0.37109375 0.00703125 0.03359375
2 0.33203125 0.32109375 0.00625 0.025
2 0.5671875 0.37421875 0.0078125 0.0359375
2 0.23828125 0.43046875 0.009375 0.0359375
2 0.6671875 0.49140625 0.0078125 0.04609375
2 0.23671875 0.38671875 0.009375 0.034375
2 0.74609375 0.459375 0.00859375 0.040625
2 0.84609375 0.50234375 0.01015625 0.034375
2 0.27734375 0.46796875 0.01015625 0.034375
2 0.4828125 0.43125 0.00859375 0.03984375
2 0.625 0.50859375 0.01015625 0.04609375
2 0.5546875 0.5109375 0.01171875 0.04453125
2 0.2765625 0.6390625 0.01328125 0.05703125
2 0.22578125 0.46953125 0.015625 0.040625
2 0.41875 0.43671875 0.01328125 0.03828125
2 0.603125 0.66875 0.01015625 0.0609375
2 0.62890625 0.68515625 0.01328125 0.06328125
2 0.346875 0.58359375 0.00859375 0.05390625
3 0.20625 0.84375 0.01953125 0.07421875
3 0.44453125 0.48203125 0.0125 0.04609375
2 0.23046875 0.63828125 0.01015625 0.05703125
3 0.5703125 0.275 0.00703125 0.028125