2 0.4171875 0.4140625 0.00703125 0.04140625
2 0.48125 0.34375 0.0078125 0.03359375
2 0.21796875 0.3609375 0.01484375 0.03828125
3 0.0671875 0.97890625 0.021875 0.03984375
2 0.45 0.3890625 0.00859375 0.046875
3 0.5921875 0.30859375 0.009375 0.03671875
2 0.453125 0.3484375 0.0109375 0.0390625
2 0.6109375 0.34140625 0.0109375 0.03828125
2 0.51796875 0.36484375 0.01015625 0.04609375
2 0.20625 0.4140625 0.009375 0.05390625
2 0.5015625 0.3765625 0.0078125 0.04609375
2 0.81171875 0.359375 0.01171875 0.04296875
2 0.24609375 0.34765625 0.00859375 0.04140625
2 0.21484375 0.41796875 0.0125 0.0546875
2 0.42265625 0.4265625 0.01171875 0.05703125
1 0.88203125 0.35859375 0.01875 0.04453125
3 0.51015625 0.40703125 0.0125 0.05546875
2 0.18671875 0.48671875 0.01171875 0.065625
2 0.64140625 0.4453125 0.0109375 0.059375
2 0.71953125 0.39375 0.01796875 0.05390625
2 0.20546875 0.59140625 0.0203125 0.08125
2 0.7421875 0.4859375 0.01484375 0.06875
2 0.23203125 0.5265625 0.01953125 0.07421875
2 0.3453125 0.72890625 0.02578125 0.096875
0 0.66171875 0.07265625 0.0046875 0.00859375