0 0.125 0.6609375 0.00703125 0.0140625
1 0.10625 0.4296875 0.0109375 0.04453125
3 0.86875 0.36640625 0.00703125 0.03046875
2 0.684375 0.36953125 0.00546875 0.03046875
2 0.75625 0.38046875 0.01328125 0.03515625
2 0.30859375 0.428125 0.009375 0.04453125
2 0.48046875 0.378125 0.00703125 0.03203125
2 0.50078125 0.4109375 0.00859375 0.04140625
2 0.4234375 0.47265625 0.0109375 0.0453125
2 0.21640625 0.57578125 0.01171875 0.06875
2 0.8640625 0.484375 0.015625 0.0515625
2 0.65234375 0.43046875 0.01015625 0.0453125
2 0.3703125 0.45625 0.01015625 0.0484375
2 0.61171875 0.4484375 0.01015625 0.04609375
2 0.8390625 0.4515625 0.009375 0.04609375
2 0.09921875 0.56328125 0.02421875 0.06484375
2 0.56015625 0.53359375 0.01328125 0.05859375
3 0.56171875 0.48515625 0.01171875 0.05390625
2 0.33828125 0.69140625 0.0125 0.07109375
2 0.53984375 0.65546875 0.01328125 0.0703125
2 0.6375 0.5265625 0.0140625 0.05703125
2 0.90234375 0.52109375 0.0125 0.0609375
2 0.7515625 0.63984375 0.01796875 0.078125
2 0.13515625 0.72578125 0.01953125 0.08515625