2 0.24609375 0.31171875 0.0109375 0.0546875
3 0.59375 0.26328125 0.00859375 0.04453125
2 0.584375 0.31015625 0.009375 0.05
2 0.3015625 0.3140625 0.01171875 0.053125
2 0.48203125 0.30078125 0.0140625 0.0484375
2 0.13125 0.44453125 0.0171875 0.07890625
2 0.809375 0.340625 0.01171875 0.05546875
2 0.6109375 0.31953125 0.01328125 0.059375
2 0.42734375 0.3140625 0.02421875 0.046875
2 0.190625 0.36171875 0.0140625 0.06171875
2 0.47578125 0.34140625 0.01171875 0.06015625
2 0.759375 0.43046875 0.01640625 0.078125
2 0.5015625 0.33125 0.01796875 0.046875
2 0.23125 0.3640625 0.01328125 0.06640625
2 0.70234375 0.3578125 0.0125 0.06796875
3 0.51484375 0.390625 0.01171875 0.06796875
2 0.49453125 0.38359375 0.01484375 0.06484375
2 0.36171875 0.37890625 0.01484375 0.065625
2 0.28125 0.584375 0.01796875 0.096875
2 0.55234375 0.67109375 0.0203125 0.10625
2 0.6703125 0.4171875 0.01328125 0.0734375
2 0.253125 0.490625 0.0203125 0.090625
0 0.44296875 0.1828125 0.0046875 0.009375