3 0.834375 0.3828125 0.0078125 0.0265625
2 0.44375 0.43515625 0.00703125 0.0390625
2 0.29609375 0.44609375 0.00703125 0.03984375
2 0.49453125 0.39921875 0.00703125 0.03359375
2 0.68515625 0.38984375 0.00859375 0.03125
2 0.62890625 0.45078125 0.00859375 0.03984375
2 0.38203125 0.49296875 0.0109375 0.04609375
2 0.11328125 0.528125 0.02109375 0.0515625
2 0.0875 0.540625 0.01953125 0.05
2 0.79296875 0.4140625 0.009375 0.03671875
2 0.66328125 0.57734375 0.01015625 0.06015625
3 0.51015625 0.50546875 0.00859375 0.04921875
2 0.63359375 0.5015625 0.01171875 0.05
2 0.8109375 0.51328125 0.0140625 0.0484375
2 0.8234375 0.48828125 0.0109375 0.04921875
2 0.32578125 0.53125 0.015625 0.0515625
2 0.246875 0.6265625 0.01953125 0.06328125
2 0.41328125 0.71875 0.02265625 0.07890625
2 0.8171875 0.559375 0.01484375 0.065625
2 0.37734375 0.54296875 0.0203125 0.053125
2 0.16328125 0.64609375 0.0125 0.06875
2 0.56640625 0.68828125 0.021875 0.07421875
0 0.09140625 0.525 0.00703125 0.0125
1 0.13046875 0.4578125 0.01328125 0.0453125