2 0.3765625 0.3703125 0.01015625 0.03359375
2 0.36875 0.37421875 0.0078125 0.03125
2 0.559375 0.36328125 0.01015625 0.028125
2 0.58125 0.3625 0.01640625 0.03046875
2 0.4953125 0.3921875 0.0125 0.0375
2 0.6640625 0.38046875 0.0125 0.03359375
2 0.44765625 0.44765625 0.01328125 0.0515625
2 0.534375 0.38828125 0.0109375 0.040625
2 0.51015625 0.40546875 0.0109375 0.04140625
2 0.1625 0.60390625 0.01953125 0.06796875
1 0.9203125 0.40078125 0.00859375 0.04296875
2 0.23203125 0.47734375 0.01328125 0.053125
2 0.2671875 0.42109375 0.00859375 0.04453125
2 0.709375 0.42578125 0.01171875 0.04609375
2 0.29375 0.42421875 0.01328125 0.0453125
2 0.21015625 0.5296875 0.015625 0.06328125
2 0.61796875 0.48671875 0.0140625 0.0546875
2 0.771875 0.53515625 0.01640625 0.06640625
2 0.30625 0.740625 0.02421875 0.08671875
0 0.64375 0.38046875 0.0046875 0.00859375
3 0.60703125 0.346875 0.0078125 0.03515625
3 0.4453125 0.4296875 0.015625 0.04140625