2 0.40078125 0.353125 0.01015625 0.03203125
1 0.0328125 0.409375 0.01640625 0.05
2 0.6296875 0.346875 0.009375 0.03125
2 0.58046875 0.3390625 0.00703125 0.03359375
3 0.8265625 0.34453125 0.00703125 0.034375
2 0.6 0.38828125 0.00859375 0.04609375
2 0.4515625 0.37890625 0.00859375 0.04140625
2 0.49296875 0.40078125 0.009375 0.04140625
2 0.05078125 0.5109375 0.01484375 0.059375
2 0.39765625 0.41171875 0.01015625 0.046875
2 0.50703125 0.47890625 0.01015625 0.05625
2 0.234375 0.40625 0.01015625 0.0453125
2 0.253125 0.4140625 0.01171875 0.040625
2 0.52421875 0.46796875 0.01015625 0.0515625
2 0.83671875 0.446875 0.01171875 0.05625
2 0.73984375 0.40078125 0.01015625 0.04609375
2 0.85390625 0.44453125 0.01171875 0.05078125
3 0.4828125 0.4296875 0.0125 0.0484375
2 0.35625 0.51796875 0.02109375 0.0609375
2 0.81328125 0.51953125 0.01328125 0.0609375
2 0.6296875 0.54609375 0.015625 0.0640625
2 0.65625 0.64140625 0.02265625 0.06796875
2 0.19609375 0.8015625 0.02578125 0.1046875
0 0.14765625 0.4875 0.00625 0.01328125