2 0.5046875 0.25703125 0.00546875 0.02890625
2 0.74375 0.3734375 0.0078125 0.03984375
2 0.5890625 0.29609375 0.00703125 0.03125
2 0.73671875 0.3734375 0.00859375 0.0390625
2 0.5609375 0.3765625 0.0078125 0.034375
2 0.7140625 0.3171875 0.00703125 0.03046875
2 0.26953125 0.478125 0.01171875 0.04609375
1 0.99453125 0.3953125 0.01015625 0.0390625
2 0.53203125 0.353125 0.01015625 0.03671875
2 0.19140625 0.446875 0.01015625 0.04453125
2 0.67734375 0.309375 0.00703125 0.03203125
2 0.7578125 0.60859375 0.0140625 0.05546875
2 0.4078125 0.371875 0.00859375 0.0390625
3 0.03203125 0.66796875 0.02109375 0.06171875
2 0.4296875 0.5125 0.0109375 0.04921875
3 0.64453125 0.42421875 0.0078125 0.04296875
2 0.38671875 0.55390625 0.0125 0.05078125
2 0.7296875 0.5203125 0.0109375 0.059375
2 0.71171875 0.54453125 0.01171875 0.05390625
2 0.3046875 0.31328125 0.0078125 0.03671875
2 0.3171875 0.49296875 0.0109375 0.05390625
2 0.4109375 0.56796875 0.01171875 0.05625
2 0.83828125 0.70859375 0.01953125 0.06015625
3 0.69453125 0.246875 0.00703125 0.03046875
1 0.08046875 0.3703125 0.0140625 0.0390625
0 0.19453125 0.4640625 0.0046875 0.0109375