2 0.6421875 0.359375 0.00859375 0.03828125
2 0.47265625 0.25703125 0.00859375 0.02890625
2 0.59453125 0.26171875 0.00546875 0.02578125
2 0.578125 0.24765625 0.00703125 0.0265625
2 0.63984375 0.33984375 0.009375 0.0421875
2 0.5046875 0.27734375 0.0078125 0.028125
2 0.30625 0.2609375 0.00859375 0.0296875
2 0.3796875 0.28984375 0.00703125 0.03359375
2 0.4515625 0.45234375 0.009375 0.04375
2 0.290625 0.35078125 0.01015625 0.040625
2 0.4546875 0.34765625 0.01015625 0.0359375
1 0.096875 0.33046875 0.00859375 0.0359375
2 0.0984375 0.42421875 0.01171875 0.04375
1 0.91640625 0.36328125 0.01328125 0.03984375
2 0.64921875 0.4484375 0.009375 0.04453125
2 0.36875 0.33046875 0.01328125 0.03828125
3 0.534375 0.34453125 0.00859375 0.0390625
2 0.57109375 0.41171875 0.009375 0.0453125
2 0.67421875 0.628125 0.01953125 0.05859375
2 0.23359375 0.590625 0.01484375 0.06171875
0 0.3171875 0.2734375 0.00390625 0.0078125
3 0.61171875 0.22734375 0.00703125 0.02734375
2 0.5 0.2953125 0.0109375 0.03125
2 0.64140625 0.31796875 0.00859375 0.03046875
2 0.39296875 0.22890625 0.00546875 0.025