1 0.88125 0.36953125 0.01015625 0.0390625
2 0.53984375 0.7078125 0.02421875 0.06875
2 0.32890625 0.33125 0.00703125 0.034375
2 0.4875 0.5453125 0.01875 0.04765625
2 0.58046875 0.4265625 0.01328125 0.04140625
2 0.57265625 0.48046875 0.01328125 0.04609375
2 0.63125 0.34296875 0.0109375 0.03515625
2 0.49140625 0.29921875 0.00625 0.03046875
2 0.80703125 0.49765625 0.009375 0.046875
2 0.815625 0.59765625 0.01953125 0.04921875
2 0.3375 0.45390625 0.01171875 0.04921875
3 0.45859375 0.43671875 0.00859375 0.04140625
2 0.265625 0.353125 0.009375 0.03671875
2 0.40546875 0.39609375 0.01015625 0.040625
2 0.64296875 0.37734375 0.0078125 0.03828125
2 0.27734375 0.4171875 0.01484375 0.04140625
2 0.3265625 0.46875 0.01328125 0.03671875
2 0.403125 0.49296875 0.015625 0.034375
2 0.73359375 0.61328125 0.01796875 0.05546875
2 0.2265625 0.44375 0.01796875 0.04140625
2 0.47890625 0.6234375 0.025 0.05859375
3 0.13359375 0.840625 0.02578125 0.08125
2 0.8875 0.46953125 0.01328125 0.046875
3 0.64453125 0.25234375 0.0078125 0.02890625