2 0.4125 0.3953125 0.01171875 0.03671875
2 0.69140625 0.34921875 0.01171875 0.021875
2 0.5125 0.33515625 0.00859375 0.03125
2 0.68828125 0.3875 0.00703125 0.034375
2 0.540625 0.3328125 0.01015625 0.03046875
2 0.41171875 0.42109375 0.01015625 0.04375
1 0.30703125 0.34921875 0.00703125 0.03359375
2 0.82265625 0.371875 0.00625 0.03203125
2 0.48046875 0.36171875 0.00703125 0.03515625
2 0.67578125 0.41953125 0.00859375 0.03671875
2 0.46796875 0.39375 0.00703125 0.0359375
2 0.7140625 0.3484375 0.00703125 0.0296875
2 0.596875 0.36328125 0.00859375 0.03203125
3 0.15859375 0.61640625 0.015625 0.06015625
2 0.54140625 0.47578125 0.00859375 0.04609375
2 0.8078125 0.40859375 0.009375 0.03828125
2 0.2734375 0.5578125 0.01484375 0.04921875
2 0.51640625 0.4640625 0.00859375 0.040625
2 0.82734375 0.50625 0.01171875 0.04921875
2 0.3984375 0.4859375 0.01171875 0.04453125
3 0.55078125 0.42421875 0.01171875 0.04140625
2 0.37421875 0.48125 0.009375 0.0484375
0 0.6796875 0.31484375 0.0046875 0.009375
2 0.828125 0.48984375 0.0109375 0.0484375
3 0.84453125 0.31640625 0.00859375 0.03125