3 0.7515625 0.20859375 0.00703125 0.03671875
2 0.5703125 0.22265625 0.00859375 0.03046875
2 0.68984375 0.2265625 0.01171875 0.0484375
2 0.390625 0.22109375 0.00859375 0.03515625
2 0.25625 0.35546875 0.015625 0.05625
2 0.50859375 0.2640625 0.00859375 0.04296875
2 0.63828125 0.2640625 0.00859375 0.04609375
2 0.3453125 0.271875 0.00859375 0.04609375
2 0.396875 0.26796875 0.01015625 0.04375
2 0.5640625 0.2890625 0.01171875 0.04921875
3 0.3734375 0.3140625 0.01015625 0.04921875
2 0.4296875 0.33359375 0.0109375 0.05078125
2 0.728125 0.26953125 0.009375 0.0453125
2 0.6671875 0.35390625 0.01328125 0.05546875
2 0.4078125 0.4625 0.01328125 0.06171875
2 0.22265625 0.39453125 0.01171875 0.0609375
2 0.2046875 0.41953125 0.01484375 0.0609375
2 0.84296875 0.49921875 0.0140625 0.06875
2 0.421875 0.74140625 0.0203125 0.08359375
2 0.328125 0.42421875 0.01484375 0.06328125
2 0.53359375 0.2015625 0.00859375 0.034375
2 0.40625 0.196875 0.00859375 0.034375