2 0.42890625 0.3296875 0.009375 0.0296875
2 0.67578125 0.37734375 0.0109375 0.04296875
2 0.82734375 0.49140625 0.01640625 0.05078125
2 0.33671875 0.340625 0.01015625 0.0359375
2 0.5140625 0.40078125 0.01953125 0.0359375
1 0.975 0.39921875 0.01171875 0.04296875
2 0.5875 0.3140625 0.00859375 0.0359375
2 0.40390625 0.421875 0.01015625 0.04609375
2 0.73828125 0.63828125 0.01171875 0.0546875
2 0.53828125 0.4296875 0.0109375 0.0390625
2 0.55546875 0.5375 0.01171875 0.053125
2 0.79453125 0.5015625 0.009375 0.05078125
2 0.68671875 0.3875 0.0125 0.0359375
2 0.27890625 0.4203125 0.00859375 0.04296875
3 0.51640625 0.44609375 0.01015625 0.04921875
2 0.31484375 0.64453125 0.01875 0.06640625
2 0.67890625 0.6125 0.01328125 0.0546875
2 0.31953125 0.46640625 0.0125 0.04609375
2 0.48984375 0.496875 0.0171875 0.05078125
2 0.29375 0.571875 0.01796875 0.06015625
3 0.0984375 0.790625 0.02265625 0.071875
3 0.68359375 0.2640625 0.00859375 0.028125
0 0.5203125 0.38984375 0.00390625 0.00703125
2 0.54140625 0.4171875 0.00859375 0.0359375
2 0.28125 0.40703125 0.00859375 0.04140625
1 0.003125 0.40234375 0.00546875 0.04140625