3 0.8546875 0.3046875 0.00859375 0.03359375
2 0.4234375 0.4015625 0.01015625 0.03671875
1 0.24921875 0.34765625 0.0125 0.0359375
2 0.4359375 0.4046875 0.0125 0.03515625
2 0.3875 0.36328125 0.01015625 0.04140625
2 0.40625 0.3609375 0.009375 0.0359375
3 0.3984375 0.39609375 0.00859375 0.04140625
2 0.359375 0.4078125 0.01015625 0.03984375
2 0.8125 0.4234375 0.00859375 0.046875
2 0.484375 0.41015625 0.01015625 0.03671875
2 0.27109375 0.44375 0.01015625 0.04375
2 0.68125 0.36484375 0.0109375 0.03671875
2 0.54296875 0.453125 0.01171875 0.04375
2 0.24765625 0.49140625 0.009375 0.04609375
3 0.02578125 0.63359375 0.01796875 0.06484375
2 0.59375 0.38671875 0.00859375 0.040625
2 0.31796875 0.4875 0.01015625 0.04921875
2 0.43828125 0.4796875 0.01171875 0.04609375
2 0.78671875 0.4296875 0.01015625 0.04609375
2 0.709375 0.52890625 0.01328125 0.05625
2 0.509375 0.52265625 0.01015625 0.05625
2 0.68046875 0.53984375 0.0140625 0.0515625
2 0.42421875 0.36953125 0.01015625 0.04296875