1 0.1734375 0.31328125 0.0125 0.028125
2 0.55625 0.2734375 0.00625 0.0296875
2 0.7171875 0.3453125 0.00703125 0.03125
2 0.3828125 0.3359375 0.01015625 0.03828125
2 0.69375 0.29921875 0.00703125 0.02890625
2 0.71953125 0.37109375 0.00859375 0.0390625
2 0.55390625 0.32578125 0.00625 0.0359375
1 0.98515625 0.39609375 0.01015625 0.04140625
2 0.30390625 0.2765625 0.00859375 0.03046875
2 0.21015625 0.384375 0.009375 0.03515625
2 0.4296875 0.41015625 0.00859375 0.0390625
2 0.24140625 0.378125 0.009375 0.04296875
2 0.74296875 0.55546875 0.01171875 0.0515625
2 0.534375 0.321875 0.00859375 0.034375
2 0.7640625 0.68046875 0.0125 0.05859375
3 0.6296875 0.39453125 0.009375 0.04140625
2 0.3828125 0.61328125 0.0203125 0.0609375
2 0.35390625 0.4078125 0.01328125 0.04140625
2 0.74375 0.4375 0.0078125 0.04921875
2 0.68046875 0.49921875 0.01171875 0.05078125
2 0.4515625 0.51796875 0.01171875 0.0515625
2 0.6671875 0.3015625 0.00703125 0.03046875
3 0.68828125 0.24296875 0.00625 0.0265625
0 0.2125 0.34140625 0.00390625 0.00703125