2 0.53203125 0.35234375 0.01484375 0.03671875
2 0.54140625 0.29296875 0.00859375 0.034375
2 0.4546875 0.28125 0.00703125 0.0296875
2 0.65390625 0.309375 0.00703125 0.03828125
2 0.63046875 0.3734375 0.009375 0.03359375
2 0.725 0.3921875 0.0140625 0.0453125
2 0.4234375 0.315625 0.00859375 0.040625
2 0.40546875 0.35625 0.01171875 0.0390625
2 0.52890625 0.42734375 0.0109375 0.04609375
2 0.66171875 0.30703125 0.00859375 0.03984375
2 0.58359375 0.33828125 0.009375 0.0359375
2 0.29765625 0.4171875 0.00859375 0.04921875
3 0.4859375 0.3609375 0.00859375 0.04296875
2 0.7421875 0.40859375 0.0109375 0.05078125
2 0.73984375 0.33671875 0.01015625 0.0390625
2 0.33671875 0.35703125 0.01015625 0.04453125
2 0.4515625 0.3265625 0.01328125 0.0390625
2 0.3609375 0.34921875 0.0078125 0.040625
2 0.72890625 0.47578125 0.0109375 0.05625
2 0.453125 0.396875 0.01171875 0.04296875
2 0.57578125 0.51796875 0.015625 0.05703125
3 0.09453125 0.79921875 0.02265625 0.08359375
0 0.515625 0.3546875 0.00703125 0.01328125
3 0.71015625 0.2421875 0.0109375 0.03828125