2 0.86328125 0.45078125 0.0109375 0.0390625
1 0.8640625 0.3375 0.01328125 0.0359375
2 0.646875 0.29921875 0.0078125 0.03046875
2 0.66796875 0.4015625 0.01171875 0.04453125
2 0.70234375 0.334375 0.01015625 0.03828125
2 0.82890625 0.4609375 0.01484375 0.046875
2 0.7265625 0.45546875 0.01796875 0.04609375
2 0.3328125 0.3140625 0.00859375 0.0359375
2 0.190625 0.3421875 0.00859375 0.04140625
2 0.62421875 0.3890625 0.01015625 0.04375
2 0.33515625 0.396875 0.00859375 0.03671875
2 0.43671875 0.490625 0.01484375 0.04140625
2 0.22578125 0.415625 0.01015625 0.04609375
2 0.65703125 0.44453125 0.009375 0.0453125
2 0.74609375 0.50703125 0.01484375 0.05
3 0.60859375 0.44609375 0.01171875 0.046875
2 0.20546875 0.5359375 0.0140625 0.05078125
2 0.17890625 0.3578125 0.01171875 0.04140625
2 0.74375 0.44765625 0.0171875 0.046875
2 0.19921875 0.459375 0.015625 0.05546875
2 0.4828125 0.53671875 0.01328125 0.059375
3 0.0875 0.859375 0.03046875 0.08359375
2 0.37265625 0.28671875 0.0109375 0.03046875
3 0.58671875 0.21328125 0.009375 0.0296875
0 0.66484375 0.51640625 0.00703125 0.0140625