2 0.4953125 0.24921875 0.0078125 0.0265625
2 0.49765625 0.45078125 0.0078125 0.04453125
2 0.5078125 0.28828125 0.00703125 0.0265625
2 0.59140625 0.24453125 0.00703125 0.0265625
3 0.4671875 0.7390625 0.01640625 0.08125
2 0.40390625 0.2890625 0.00703125 0.0359375
2 0.609375 0.25625 0.0078125 0.02578125
2 0.44140625 0.30625 0.00859375 0.0359375
2 0.36640625 0.35859375 0.00703125 0.03828125
2 0.65625 0.3125 0.0078125 0.034375
1 0.10703125 0.334375 0.0109375 0.03671875
2 0.303125 0.27890625 0.0078125 0.03203125
2 0.684375 0.4359375 0.00859375 0.04375
3 0.578125 0.3484375 0.0078125 0.0390625
2 0.4515625 0.353125 0.0078125 0.0390625
2 0.68125 0.36953125 0.00859375 0.04140625
1 0.94453125 0.36640625 0.01171875 0.04375
2 0.60859375 0.39921875 0.00859375 0.04375
2 0.5203125 0.346875 0.00859375 0.03671875
2 0.671875 0.35390625 0.009375 0.03828125
2 0.159375 0.40234375 0.0078125 0.0453125
2 0.3734375 0.703125 0.0171875 0.06953125
2 0.63046875 0.5390625 0.01484375 0.05078125
3 0.634375 0.225 0.00859375 0.0359375
2 0.43671875 0.22890625 0.00859375 0.0359375
0 0.31171875 0.29453125 0.00390625 0.00859375