2 0.3140625 0.3859375 0.00859375 0.04140625
2 0.31875 0.32109375 0.00703125 0.04375
2 0.40546875 0.334375 0.0125 0.04453125
2 0.36015625 0.35078125 0.00859375 0.040625
2 0.275 0.33828125 0.00859375 0.04296875
3 0.97890625 0.26875 0.01015625 0.04140625
2 0.72890625 0.296875 0.00859375 0.04140625
2 0.28828125 0.35 0.01171875 0.0484375
2 0.25625 0.39140625 0.01015625 0.05
2 0.34765625 0.36328125 0.01015625 0.046875
2 0.4765625 0.31875 0.01171875 0.0390625
2 0.609375 0.446875 0.01015625 0.05859375
3 0.40703125 0.375 0.01015625 0.0515625
2 0.7453125 0.321875 0.0078125 0.04375
2 0.50234375 0.35546875 0.01015625 0.04609375
2 0.31953125 0.41328125 0.01484375 0.05390625
2 0.82109375 0.38203125 0.01171875 0.04921875
2 0.61953125 0.4515625 0.01171875 0.06015625
2 0.5421875 0.38203125 0.01015625 0.05
1 0.26875 0.296875 0.01171875 0.046875
0 0.43671875 0.29765625 0.00546875 0.01015625
2 0.4171875 0.32890625 0.015625 0.04140625
2 0.39296875 0.29765625 0.01171875 0.03984375
2 0.38359375 0.3 0.01328125 0.0359375