2 0.478125 0.3046875 0.00859375 0.04453125
2 0.3984375 0.284375 0.0078125 0.0390625
2 0.42734375 0.26328125 0.0078125 0.03671875
2 0.55 0.30625 0.01015625 0.04609375
0 0.59921875 0.6546875 0.01015625 0.01484375
2 0.6859375 0.26953125 0.00859375 0.0359375
2 0.4890625 0.3359375 0.00859375 0.0484375
2 0.3125 0.35625 0.0140625 0.05390625
3 0.434375 0.34296875 0.01015625 0.04921875
2 0.24140625 0.4546875 0.01484375 0.0515625
2 0.36328125 0.46328125 0.01328125 0.046875
2 0.3421875 0.33828125 0.01640625 0.05078125
2 0.68671875 0.390625 0.01171875 0.059375
1 0.0609375 0.328125 0.0140625 0.05078125
2 0.20625 0.52421875 0.01953125 0.05859375
2 0.5453125 0.496875 0.01328125 0.06640625
2 0.41875 0.434375 0.021875 0.05625
2 0.60703125 0.3984375 0.01953125 0.059375
2 0.2734375 0.559375 0.0171875 0.06875
2 0.77890625 0.35390625 0.01171875 0.05390625
2 0.8328125 0.50625 0.01796875 0.0703125
3 0.0453125 0.6703125 0.03046875 0.09453125
2 0.5125 0.665625 0.03671875 0.08203125
3 0.73125 0.2390625 0.00859375 0.04140625
2 0.375 0.3125 0.0125 0.04453125