2 0.44765625 0.284375 0.0109375 0.03984375
3 0.4125 0.32109375 0.01328125 0.04609375
2 0.25546875 0.296875 0.0125 0.0390625
2 0.37109375 0.2640625 0.01171875 0.03203125
2 0.56640625 0.27578125 0.00859375 0.03984375
2 0.35234375 0.328125 0.00859375 0.03984375
2 0.534375 0.25625 0.009375 0.03515625
2 0.315625 0.3015625 0.01015625 0.04140625
2 0.5609375 0.3015625 0.0140625 0.03828125
2 0.49921875 0.271875 0.01171875 0.03671875
2 0.4796875 0.2796875 0.01015625 0.040625
2 0.21640625 0.309375 0.015625 0.0484375
1 0.87734375 0.3015625 0.01015625 0.04453125
3 0.0078125 0.828125 0.015625 0.1
2 0.18515625 0.31328125 0.01171875 0.04921875
2 0.72734375 0.29140625 0.01015625 0.04453125
2 0.1796875 0.35859375 0.01171875 0.05078125
2 0.48203125 0.353125 0.00859375 0.053125
2 0.73125 0.35078125 0.01328125 0.05078125
2 0.4078125 0.3765625 0.0140625 0.05703125
2 0.35 0.39765625 0.01484375 0.04921875
2 0.67578125 0.45234375 0.01328125 0.065625
3 0.63515625 0.2359375 0.009375 0.0359375
0 0.56640625 0.3171875 0.00546875 0.01171875
2 0.353125 0.2703125 0.01015625 0.03984375