3 0.69375 0.26484375 0.0109375 0.0375
0 0.6390625 0.60625 0.00546875 0.01171875
2 0.61640625 0.29921875 0.009375 0.03984375
2 0.3296875 0.3265625 0.01015625 0.0484375
2 0.540625 0.3328125 0.01015625 0.046875
2 0.359375 0.30234375 0.0125 0.04375
3 0.00859375 0.8109375 0.0171875 0.09375
2 0.50390625 0.33828125 0.0125 0.05078125
3 0.428125 0.40546875 0.01015625 0.05546875
2 0.15703125 0.68828125 0.01484375 0.09609375
2 0.30234375 0.36640625 0.0140625 0.05
2 0.31484375 0.37890625 0.0140625 0.05703125
2 0.26171875 0.39765625 0.015625 0.06171875
2 0.37109375 0.51015625 0.01484375 0.059375
2 0.3890625 0.45234375 0.01640625 0.065625
2 0.74921875 0.346875 0.01328125 0.05390625
2 0.446875 0.41015625 0.01640625 0.06484375
2 0.2140625 0.4890625 0.01484375 0.071875
2 0.51484375 0.628125 0.0171875 0.08984375
2 0.91171875 0.55546875 0.01953125 0.07890625
2 0.203125 0.77890625 0.02734375 0.10703125
2 0.6484375 0.684375 0.02265625 0.0890625
2 0.66484375 0.4765625 0.01640625 0.0703125
2 0.70625 0.4390625 0.01328125 0.0609375