0 0.7921875 0.51953125 0.00546875 0.0109375
2 0.353125 0.296875 0.00859375 0.04375
3 0.71328125 0.25859375 0.01171875 0.03515625
2 0.3578125 0.25703125 0.0078125 0.040625
2 0.45390625 0.32265625 0.009375 0.053125
2 0.2109375 0.496875 0.01015625 0.0734375
2 0.4484375 0.334375 0.0078125 0.05
2 0.553125 0.2796875 0.01015625 0.04453125
2 0.30625 0.33984375 0.00859375 0.05390625
2 0.36953125 0.36171875 0.0109375 0.05390625
2 0.390625 0.371875 0.01171875 0.05859375
2 0.33125 0.3625 0.0109375 0.06171875
2 0.8265625 0.496875 0.02890625 0.065625
3 0.41328125 0.4046875 0.01171875 0.0609375
2 0.24296875 0.44140625 0.01484375 0.06640625
2 0.56875 0.45546875 0.0125 0.07109375
2 0.690625 0.34609375 0.01328125 0.05546875
2 0.3734375 0.45625 0.0140625 0.0640625
2 0.21875 0.5078125 0.0140625 0.075
2 0.1953125 0.4296875 0.015625 0.0703125
2 0.49765625 0.43828125 0.01328125 0.07109375
2 0.45625 0.540625 0.01484375 0.0859375
2 0.70546875 0.72578125 0.025 0.10703125