2 0.4375 0.4296875 0.01015625 0.04296875
2 0.44140625 0.3234375 0.01171875 0.040625
2 0.36015625 0.35625 0.01015625 0.0453125
2 0.46796875 0.29296875 0.01015625 0.03828125
1 0.12734375 0.32578125 0.01171875 0.04453125
2 0.46328125 0.40078125 0.015625 0.05625
2 0.353125 0.43359375 0.01640625 0.0515625
2 0.3515625 0.38125 0.0125 0.05703125
3 0.525 0.3953125 0.01328125 0.04609375
2 0.73984375 0.3265625 0.0125 0.0453125
2 0.56171875 0.37109375 0.01171875 0.0515625
2 0.434375 0.46875 0.0140625 0.0546875
2 0.59609375 0.3734375 0.01796875 0.04921875
2 0.34140625 0.44296875 0.01015625 0.06015625
2 0.31953125 0.4 0.01640625 0.05546875
2 0.528125 0.45703125 0.015625 0.05546875
2 0.4375 0.52578125 0.01640625 0.0640625
2 0.5421875 0.50078125 0.01328125 0.05546875
3 0.11953125 0.61875 0.02109375 0.08046875
2 0.76015625 0.396875 0.015625 0.05390625
2 0.63359375 0.540625 0.0171875 0.0703125
2 0.67421875 0.5265625 0.0265625 0.065625
2 0.8265625 0.5109375 0.02265625 0.06640625
3 0.74453125 0.2578125 0.009375 0.03046875
0 0.65 0.55703125 0.0078125 0.01484375