2 0.31953125 0.3375 0.01171875 0.03984375
2 0.578125 0.29453125 0.01015625 0.03828125
2 0.34765625 0.38984375 0.01484375 0.0515625
2 0.3453125 0.309375 0.0109375 0.0359375
2 0.30625 0.36640625 0.0171875 0.0515625
0 0.73984375 0.58046875 0.00703125 0.01171875
2 0.184375 0.4125 0.01484375 0.05859375
2 0.51953125 0.321875 0.01328125 0.04453125
2 0.46875 0.33828125 0.00703125 0.046875
3 0.42421875 0.38984375 0.009375 0.0515625
2 0.19296875 0.44140625 0.01171875 0.05625
2 0.15703125 0.4984375 0.021875 0.05859375
2 0.3390625 0.471875 0.01171875 0.059375
2 0.3890625 0.259375 0.00703125 0.03515625
2 0.68046875 0.34609375 0.0109375 0.05
2 0.48203125 0.47578125 0.01484375 0.06875
2 0.53359375 0.48828125 0.01640625 0.06171875
1 0.0265625 0.3421875 0.01953125 0.04921875
2 0.83046875 0.52109375 0.01875 0.06796875
2 0.46015625 0.55390625 0.0140625 0.0796875
2 0.22265625 0.465625 0.009375 0.06328125
2 0.5703125 0.62578125 0.01953125 0.08359375
3 0.69609375 0.25390625 0.00859375 0.0359375