2 0.5015625 0.30625 0.0140625 0.0453125
2 0.8015625 0.42890625 0.01484375 0.06015625
3 0.7484375 0.22421875 0.0125 0.04375
2 0.8015625 0.37734375 0.01484375 0.04921875
2 0.49140625 0.3265625 0.01328125 0.046875
0 0.378125 0.42421875 0.00625 0.01171875
2 0.64765625 0.253125 0.01328125 0.03828125
2 0.34921875 0.24921875 0.00859375 0.04609375
2 0.54609375 0.23671875 0.01484375 0.03984375
2 0.4703125 0.290625 0.0109375 0.0515625
2 0.3765625 0.25234375 0.01015625 0.0453125
3 0.546875 0.3390625 0.0140625 0.05390625
2 0.7578125 0.29609375 0.0140625 0.0515625
2 0.653125 0.30390625 0.0125 0.0546875
2 0.63828125 0.3359375 0.01328125 0.046875
2 0.3375 0.26953125 0.01171875 0.04921875
2 0.271875 0.31875 0.01328125 0.06015625
2 0.69140625 0.31796875 0.01484375 0.0546875
2 0.403125 0.3328125 0.0140625 0.053125
2 0.5828125 0.34375 0.01796875 0.05546875
2 0.3 0.4390625 0.02265625 0.06953125
2 0.7765625 0.525 0.01953125 0.071875
2 0.5609375 0.29765625 0.01484375 0.05234375