2 0.7375 0.30390625 0.00859375 0.0390625
2 0.44453125 0.30546875 0.01015625 0.0390625
3 0.10703125 0.61328125 0.021875 0.0796875
2 0.47578125 0.284375 0.00859375 0.03828125
2 0.3765625 0.34375 0.01015625 0.0484375
2 0.603125 0.34765625 0.01015625 0.04140625
2 0.14765625 0.32890625 0.01171875 0.046875
3 0.5109375 0.384375 0.01015625 0.05
2 0.57109375 0.34609375 0.01015625 0.04609375
2 0.68671875 0.4734375 0.01171875 0.065625
2 0.440625 0.3828125 0.01640625 0.053125
2 0.5203125 0.49921875 0.01328125 0.06640625
2 0.3828125 0.37578125 0.01171875 0.05390625
2 0.25546875 0.51953125 0.01640625 0.0703125
2 0.37109375 0.5 0.02109375 0.05390625
2 0.5859375 0.54375 0.02578125 0.06640625
2 0.81953125 0.3828125 0.01171875 0.053125
2 0.2734375 0.52734375 0.01328125 0.075
2 0.40703125 0.509375 0.01171875 0.06875
2 0.5609375 0.53203125 0.01171875 0.065625
2 0.31171875 0.40703125 0.01484375 0.05546875
2 0.4421875 0.5390625 0.0203125 0.0703125
2 0.84921875 0.5265625 0.02421875 0.07421875
0 0.3609375 0.28046875 0.0078125 0.0125
3 0.7859375 0.259375 0.0078125 0.0328125