3 0.65859375 0.25234375 0.01015625 0.046875
2 0.55234375 0.26640625 0.0125 0.04140625
2 0.1578125 0.3515625 0.00859375 0.059375
2 0.1890625 0.3234375 0.009375 0.053125
2 0.2984375 0.3015625 0.01015625 0.046875
2 0.16015625 0.3140625 0.01328125 0.05
2 0.484375 0.30625 0.00859375 0.05078125
2 0.52578125 0.28359375 0.01171875 0.04453125
2 0.696875 0.2859375 0.0078125 0.05
2 0.11015625 0.57578125 0.01875 0.09296875
2 0.625 0.34140625 0.01484375 0.05859375
2 0.15078125 0.3984375 0.01171875 0.06640625
2 0.2671875 0.38203125 0.01640625 0.0640625
2 0.42734375 0.31796875 0.01015625 0.0515625
2 0.175 0.353125 0.01328125 0.06875
1 0.9546875 0.353125 0.015625 0.0609375
2 0.3421875 0.3953125 0.0140625 0.05546875
2 0.609375 0.37421875 0.01328125 0.0609375
3 0.32578125 0.359375 0.01484375 0.05703125
2 0.621875 0.40625 0.01328125 0.06640625
2 0.9078125 0.41796875 0.021875 0.06796875
3 0.0171875 0.94453125 0.0296875 0.109375
2 0.815625 0.684375 0.03046875 0.1046875
2 0.18203125 0.73828125 0.02421875 0.1140625
0 0.56953125 0.284375 0.0046875 0.01015625