2 0.31015625 0.3890625 0.00859375 0.03203125
2 0.32734375 0.453125 0.00859375 0.04609375
1 0.20703125 0.4234375 0.01484375 0.053125
2 0.4453125 0.55703125 0.02265625 0.05859375
2 0.44140625 0.6078125 0.0234375 0.053125
2 0.30546875 0.41640625 0.0125 0.0515625
2 0.2625 0.61015625 0.015625 0.06640625
2 0.50078125 0.46953125 0.01484375 0.05546875
2 0.3453125 0.45625 0.01484375 0.04921875
2 0.41328125 0.42109375 0.01484375 0.046875
2 0.40703125 0.6234375 0.01484375 0.06875
2 0.18203125 0.61796875 0.01875 0.065625
2 0.3234375 0.50390625 0.01484375 0.0625
2 0.703125 0.734375 0.0265625 0.0703125
3 0.49453125 0.52578125 0.015625 0.06171875
2 0.421875 0.64921875 0.0171875 0.0765625
2 0.2421875 0.60859375 0.01484375 0.06171875
2 0.1625 0.503125 0.01328125 0.06171875
2 0.7171875 0.70703125 0.0203125 0.0734375
2 0.70859375 0.46953125 0.01484375 0.06015625
2 0.52109375 0.6359375 0.01796875 0.07578125
2 0.8671875 0.6109375 0.0265625 0.0734375
0 0.4359375 0.62578125 0.00546875 0.0109375
3 0.9796875 0.334375 0.01328125 0.0421875