2 0.34609375 0.578125 0.01328125 0.05078125
2 0.73046875 0.51796875 0.0109375 0.03515625
2 0.52578125 0.4671875 0.00859375 0.04140625
2 0.6390625 0.44609375 0.009375 0.03359375
2 0.34609375 0.58515625 0.01875 0.05546875
2 0.4234375 0.4 0.01015625 0.03359375
2 0.68671875 0.46328125 0.009375 0.03828125
2 0.5015625 0.4390625 0.009375 0.03125
3 0.51328125 0.5140625 0.009375 0.040625
2 0.1953125 0.51953125 0.0109375 0.03984375
2 0.27265625 0.45703125 0.00859375 0.0390625
2 0.675 0.484375 0.00859375 0.04296875
2 0.72890625 0.5515625 0.01171875 0.0515625
2 0.16171875 0.55625 0.01484375 0.04609375
2 0.4015625 0.47421875 0.01015625 0.03671875
2 0.596875 0.521875 0.01171875 0.04609375
1 0.02109375 0.50625 0.01328125 0.0484375
2 0.31015625 0.73671875 0.01796875 0.059375
2 0.5203125 0.61875 0.009375 0.04921875
2 0.71640625 0.80703125 0.01953125 0.0734375
2 0.2125 0.59453125 0.01484375 0.0484375
2 0.7640625 0.66171875 0.01171875 0.05625
3 0.66171875 0.390625 0.01171875 0.03515625
0 0.3546875 0.609375 0.00546875 0.01015625