2 0.31484375 0.425 0.01796875 0.03671875
1 0.21640625 0.446875 0.01640625 0.03359375
2 0.32890625 0.421875 0.0109375 0.04453125
2 0.3171875 0.45859375 0.01796875 0.04140625
2 0.44765625 0.41875 0.0125 0.04375
2 0.2703125 0.45546875 0.01953125 0.04453125
2 0.1078125 0.525 0.01484375 0.04453125
2 0.45390625 0.45 0.01640625 0.04609375
3 0.47734375 0.47109375 0.009375 0.05546875
2 0.14765625 0.5015625 0.01171875 0.04921875
2 0.4 0.4265625 0.01015625 0.040625
2 0.34140625 0.46875 0.02109375 0.0484375
2 0.265625 0.5015625 0.0109375 0.05703125
2 0.3671875 0.51328125 0.01328125 0.05703125
2 0.6015625 0.43203125 0.01328125 0.053125
2 0.159375 0.53671875 0.01484375 0.0546875
2 0.3734375 0.5859375 0.01640625 0.06171875
2 0.84140625 0.4859375 0.01015625 0.059375
2 0.29296875 0.55859375 0.01171875 0.0703125
2 0.8015625 0.61171875 0.015625 0.07109375
2 0.73828125 0.559375 0.0125 0.06328125
2 0.509375 0.6140625 0.0171875 0.0734375
0 0.10234375 0.54140625 0.00703125 0.01484375