0 0.14453125 0.54453125 0.00546875 0.01015625
2 0.115625 0.54921875 0.015625 0.03125
2 0.1171875 0.58125 0.01640625 0.05390625
1 0.1359375 0.3875 0.01328125 0.046875
3 0.01484375 0.66796875 0.0234375 0.0703125
2 0.11484375 0.60390625 0.0125 0.06015625
2 0.41640625 0.371875 0.0125 0.04140625
2 0.675 0.3765625 0.01015625 0.04296875
2 0.3453125 0.39140625 0.01015625 0.0484375
2 0.37109375 0.4390625 0.01015625 0.046875
2 0.553125 0.434375 0.01015625 0.04921875
2 0.2625 0.540625 0.009375 0.059375
2 0.19375 0.60859375 0.01484375 0.0640625
3 0.4390625 0.4875 0.01484375 0.053125
2 0.45625 0.54609375 0.0109375 0.06015625
2 0.3203125 0.5859375 0.0140625 0.06796875
2 0.16328125 0.60546875 0.01328125 0.06171875
2 0.27109375 0.43984375 0.01640625 0.05
2 0.60859375 0.64296875 0.015625 0.07421875
2 0.35546875 0.68046875 0.015625 0.07578125
2 0.33515625 0.60078125 0.0140625 0.0640625
2 0.71875 0.66796875 0.02109375 0.07421875
2 0.53515625 0.57578125 0.01171875 0.0609375
2 0.8296875 0.5265625 0.0171875 0.0609375
3 0.8140625 0.29921875 0.00859375 0.0375