2 0.00390625 0.49765625 0.0078125 0.0484375
2 0.46796875 0.64765625 0.01796875 0.046875
2 0.41171875 0.38671875 0.01015625 0.034375
3 0.55 0.5453125 0.0109375 0.0484375
2 0.65390625 0.4546875 0.009375 0.0390625
2 0.27421875 0.5515625 0.02421875 0.046875
2 0.534375 0.428125 0.01015625 0.0359375
2 0.52421875 0.48046875 0.01171875 0.04296875
2 0.46328125 0.47421875 0.01015625 0.03984375
2 0.27890625 0.44609375 0.01171875 0.04296875
2 0.4796875 0.6671875 0.0203125 0.0546875
2 0.6359375 0.7875 0.01640625 0.07109375
2 0.175 0.56953125 0.015625 0.053125
2 0.67890625 0.478125 0.01171875 0.04453125
2 0.45 0.77421875 0.02109375 0.06875
3 0.02109375 0.8109375 0.02578125 0.0734375
2 0.60625 0.53046875 0.01171875 0.04921875
2 0.2875 0.63828125 0.01640625 0.05546875
2 0.6859375 0.52890625 0.01171875 0.0515625
2 0.7453125 0.55234375 0.01171875 0.05078125
2 0.72265625 0.7265625 0.01875 0.0640625
2 0.52109375 0.7375 0.021875 0.06015625
0 0.4515625 0.79375 0.00703125 0.0140625
3 0.65390625 0.36953125 0.00859375 0.03203125
2 0.6546875 0.434375 0.0078125 0.0359375