2 0.39140625 0.66015625 0.01640625 0.021875
2 0.54453125 0.44140625 0.00703125 0.03984375
2 0.6125 0.39921875 0.00859375 0.02578125
2 0.55 0.4359375 0.00703125 0.02734375
2 0.39765625 0.66171875 0.0171875 0.025
3 0.65546875 0.3890625 0.00703125 0.03359375
3 0.18203125 0.89140625 0.01328125 0.06953125
2 0.60546875 0.403125 0.0078125 0.03125
2 0.540625 0.421875 0.01171875 0.03671875
2 0.4234375 0.4125 0.0109375 0.03046875
2 0.40703125 0.4171875 0.01171875 0.03046875
2 0.61953125 0.44921875 0.01171875 0.0390625
3 0.53046875 0.478125 0.00859375 0.04375
2 0.40078125 0.69921875 0.01640625 0.0640625
1 0.990625 0.490625 0.01015625 0.04453125
2 0.2890625 0.46015625 0.01015625 0.04453125
2 0.725 0.42578125 0.0109375 0.03671875
2 0.5203125 0.44296875 0.00859375 0.03828125
2 0.7328125 0.49296875 0.01015625 0.0453125
2 0.41953125 0.49375 0.009375 0.04453125
2 0.4359375 0.58359375 0.01640625 0.05
2 0.25390625 0.5046875 0.0109375 0.04609375
2 0.54921875 0.509375 0.0125 0.0453125
2 0.23515625 0.50390625 0.01328125 0.046875
2 0.71875 0.52890625 0.0125 0.046875