0 0.18984375 0.54609375 0.00546875 0.0109375
2 0.38359375 0.40078125 0.00703125 0.03203125
2 0.45703125 0.4359375 0.00859375 0.034375
2 0.546875 0.44140625 0.009375 0.03828125
2 0.440625 0.6515625 0.01328125 0.0484375
3 0.53359375 0.49921875 0.00703125 0.04375
2 0.728125 0.46953125 0.01328125 0.0390625
2 0.24375 0.46328125 0.0109375 0.04140625
1 0.034375 0.49921875 0.00859375 0.046875
2 0.61875 0.43828125 0.00859375 0.03671875
2 0.42421875 0.46875 0.00703125 0.0390625
2 0.81875 0.53125 0.0140625 0.04609375
2 0.20078125 0.509375 0.01328125 0.0453125
2 0.68046875 0.47421875 0.009375 0.04140625
2 0.30078125 0.56796875 0.01953125 0.03984375
2 0.3109375 0.50703125 0.009375 0.04453125
2 0.76171875 0.77578125 0.015625 0.06875
2 0.73671875 0.6234375 0.01171875 0.05390625
2 0.3484375 0.515625 0.009375 0.04453125
2 0.55390625 0.58828125 0.009375 0.05
2 0.1453125 0.56171875 0.01015625 0.05
2 0.625 0.5140625 0.0140625 0.04609375
2 0.71953125 0.54140625 0.00703125 0.05
3 0.6578125 0.3890625 0.00859375 0.034375