3 0.49453125 0.49765625 0.01328125 0.046875
2 0.61171875 0.40859375 0.01171875 0.04140625
2 0.22578125 0.42109375 0.01796875 0.04453125
2 0.2796875 0.37890625 0.0140625 0.0359375
2 0.51015625 0.52578125 0.01796875 0.05859375
2 0.46171875 0.44140625 0.015625 0.0453125
2 0.525 0.565625 0.01328125 0.05859375
2 0.66015625 0.553125 0.021875 0.06171875
2 0.33125 0.4421875 0.01171875 0.0453125
2 0.56953125 0.4796875 0.01875 0.0515625
2 0.23515625 0.63125 0.02265625 0.059375
2 0.30625 0.4734375 0.0109375 0.05
2 0.2359375 0.6875 0.03046875 0.075
2 0.2171875 0.4734375 0.0140625 0.05390625
2 0.10234375 0.53125 0.0125 0.0609375
2 0.62421875 0.54140625 0.01484375 0.05625
2 0.7921875 0.53359375 0.01328125 0.059375
2 0.134375 0.5140625 0.01640625 0.05546875
2 0.91328125 0.4953125 0.0171875 0.0515625
2 0.753125 0.45546875 0.01796875 0.0515625
2 0.43515625 0.5390625 0.01953125 0.05703125
0 0.3734375 0.3796875 0.00546875 0.0109375
3 0.7 0.346875 0.00703125 0.034375