2 0.3609375 0.42578125 0.01328125 0.03984375
2 0.43359375 0.365625 0.00703125 0.0296875
2 0.27109375 0.40625 0.01171875 0.034375
2 0.35078125 0.44609375 0.009375 0.04140625
2 0.51953125 0.36640625 0.00703125 0.03125
2 0.2984375 0.37265625 0.009375 0.02890625
2 0.52578125 0.38671875 0.01328125 0.0296875
2 0.39765625 0.37109375 0.01328125 0.0296875
3 0.08671875 0.89921875 0.021875 0.096875
2 0.7046875 0.39375 0.0078125 0.03984375
2 0.5078125 0.3765625 0.00859375 0.03828125
2 0.5078125 0.44765625 0.01171875 0.0359375
2 0.2796875 0.61015625 0.02421875 0.0625
2 0.19296875 0.42578125 0.01171875 0.0390625
2 0.62734375 0.5234375 0.01328125 0.0546875
2 0.58984375 0.44375 0.0109375 0.0453125
2 0.80234375 0.55703125 0.01953125 0.0515625
2 0.6984375 0.434375 0.0140625 0.040625
2 0.19453125 0.5265625 0.02265625 0.0515625
0 0.25859375 0.40234375 0.00390625 0.00859375
2 0.265625 0.38515625 0.0140625 0.03984375
3 0.35546875 0.428125 0.01796875 0.0375
3 0.63671875 0.3453125 0.01015625 0.03828125