2 0.31171875 0.42265625 0.01015625 0.02890625
2 0.5234375 0.44140625 0.01015625 0.03671875
3 0.4625 0.51171875 0.0109375 0.04296875
2 0.328125 0.48359375 0.00859375 0.03515625
2 0.5921875 0.44375 0.00703125 0.034375
2 0.16875 0.52578125 0.01640625 0.04609375
2 0.384375 0.45078125 0.00859375 0.03515625
2 0.2359375 0.4953125 0.0109375 0.040625
2 0.64375 0.484375 0.0109375 0.040625
2 0.4359375 0.4765625 0.00703125 0.03671875
2 0.846875 0.546875 0.01015625 0.0484375
2 0.60234375 0.5234375 0.0109375 0.03984375
2 0.74765625 0.48828125 0.01015625 0.03984375
2 0.684375 0.546875 0.009375 0.05
2 0.2859375 0.5046875 0.0109375 0.0390625
2 0.709375 0.625 0.009375 0.0515625
2 0.27421875 0.5765625 0.00859375 0.04609375
1 0.034375 0.5125 0.0109375 0.046875
2 0.15625 0.56875 0.0140625 0.05
2 0.565625 0.59375 0.01171875 0.05078125
2 0.50078125 0.62578125 0.01171875 0.05078125
2 0.72578125 0.74140625 0.0140625 0.0640625
3 0.62578125 0.40546875 0.00859375 0.03515625
0 0.17578125 0.5421875 0.00546875 0.0109375