2 0.2484375 0.49296875 0.0109375 0.046875
2 0.3609375 0.34296875 0.01484375 0.03828125
2 0.475 0.36328125 0.01796875 0.03515625
3 0.46015625 0.478125 0.02109375 0.05390625
2 0.56484375 0.41015625 0.01484375 0.04453125
2 0.1625 0.41015625 0.01640625 0.0484375
2 0.2359375 0.51953125 0.02265625 0.05859375
2 0.50703125 0.40859375 0.01796875 0.04140625
2 0.1296875 0.4671875 0.01796875 0.0453125
2 0.39765625 0.46328125 0.01171875 0.04921875
2 0.56328125 0.4734375 0.01875 0.04921875
2 0.2203125 0.46796875 0.01640625 0.05859375
2 0.61640625 0.584375 0.01640625 0.06328125
2 0.42890625 0.584375 0.01640625 0.06640625
2 0.32734375 0.71796875 0.01640625 0.078125
2 0.66875 0.62265625 0.02109375 0.06953125
2 0.78984375 0.440625 0.0140625 0.05390625
2 0.1671875 0.678125 0.0203125 0.07109375
2 0.6921875 0.48984375 0.0234375 0.05546875
2 0.82890625 0.54453125 0.01953125 0.06171875
2 0.76640625 0.7296875 0.02578125 0.07421875
0 0.50546875 0.37578125 0.0046875 0.009375
3 0.703125 0.33671875 0.0140625 0.0390625