3 0.78046875 0.36328125 0.009375 0.03046875
2 0.559375 0.38984375 0.0078125 0.0328125
2 0.34375 0.415625 0.01015625 0.03984375
2 0.390625 0.4125 0.00859375 0.03828125
2 0.86640625 0.38046875 0.01015625 0.03046875
2 0.33671875 0.43828125 0.01015625 0.03828125
3 0.1203125 0.84375 0.02109375 0.07890625
2 0.38984375 0.44609375 0.0125 0.0359375
2 0.8125 0.384375 0.0125 0.0296875
2 0.20234375 0.6546875 0.01328125 0.05703125
2 0.62578125 0.48828125 0.01171875 0.04375
2 0.284375 0.49453125 0.0140625 0.04609375
2 0.5515625 0.42890625 0.01015625 0.040625
3 0.51015625 0.48125 0.0109375 0.04453125
2 0.3640625 0.515625 0.01015625 0.04921875
2 0.8703125 0.43984375 0.01484375 0.0390625
2 0.37578125 0.55546875 0.01328125 0.05390625
2 0.19375 0.703125 0.01328125 0.065625
2 0.25703125 0.55078125 0.01171875 0.0546875
2 0.34921875 0.60078125 0.015625 0.05703125
2 0.66875 0.55234375 0.01171875 0.05078125
2 0.84609375 0.5140625 0.0125 0.0484375
2 0.51015625 0.4546875 0.0109375 0.0421875
2 0.56328125 0.3796875 0.00625 0.03046875