2 0.36328125 0.51796875 0.00859375 0.0484375
3 0.08984375 0.93828125 0.02265625 0.075
2 0.47421875 0.434375 0.009375 0.0390625
2 0.359375 0.521875 0.01015625 0.05546875
0 0.01953125 0.3703125 0.00859375 0.01328125
2 0.596875 0.45625 0.01015625 0.0453125
2 0.365625 0.4109375 0.01015625 0.04609375
2 0.609375 0.44296875 0.01015625 0.04375
2 0.428125 0.81328125 0.0140625 0.0765625
2 0.4828125 0.48046875 0.01015625 0.0453125
3 0.5578125 0.565625 0.01171875 0.06171875
2 0.5625 0.51875 0.01171875 0.05390625
2 0.53046875 0.49453125 0.0109375 0.0484375
2 0.18203125 0.63203125 0.01484375 0.06640625
2 0.65078125 0.484375 0.01171875 0.05390625
2 0.2984375 0.4671875 0.0109375 0.053125
2 0.76171875 0.634375 0.0125 0.06796875
2 0.6234375 0.56796875 0.01328125 0.05859375
2 0.41953125 0.60859375 0.01171875 0.065625
2 0.4296875 0.66796875 0.01640625 0.06640625
2 0.70546875 0.55078125 0.01484375 0.059375
2 0.7640625 0.7984375 0.01953125 0.08125
2 0.565625 0.7109375 0.01484375 0.06796875
3 0.5953125 0.3765625 0.0109375 0.040625
0 0.3671875 0.43125 0.00390625 0.00859375