0 0.6359375 0.49921875 0.00859375 0.01328125
2 0.20859375 0.4734375 0.009375 0.03203125
2 0.41875 0.378125 0.0171875 0.0390625
2 0.38671875 0.3234375 0.0140625 0.0375
2 0.50234375 0.4328125 0.01484375 0.04921875
2 0.23515625 0.425 0.01875 0.04453125
2 0.47734375 0.396875 0.01171875 0.04375
2 0.18828125 0.40625 0.0203125 0.04453125
2 0.2109375 0.50859375 0.01328125 0.0609375
3 0.36875 0.48046875 0.0109375 0.0546875
2 0.48828125 0.46875 0.0109375 0.05546875
2 0.678125 0.4046875 0.00859375 0.0484375
2 0.22578125 0.47109375 0.01484375 0.05390625
2 0.52265625 0.46171875 0.0140625 0.053125
2 0.3875 0.47265625 0.01484375 0.05078125
2 0.5390625 0.54375 0.01328125 0.05859375
2 0.4 0.5609375 0.01171875 0.0640625
2 0.19609375 0.653125 0.0171875 0.06875
2 0.7078125 0.52265625 0.01796875 0.053125
2 0.540625 0.59453125 0.01484375 0.06484375
2 0.328125 0.6984375 0.01484375 0.07578125
2 0.640625 0.77421875 0.028125 0.08359375
3 0.62734375 0.31171875 0.009375 0.03984375