2 0.4234375 0.34765625 0.0109375 0.03828125
2 0.51796875 0.36640625 0.009375 0.034375
2 0.40078125 0.365625 0.01015625 0.0359375
2 0.51015625 0.365625 0.01171875 0.0359375
2 0.36484375 0.38671875 0.0125 0.03515625
2 0.7375 0.37890625 0.0171875 0.04296875
2 0.4640625 0.38125 0.01328125 0.0359375
1 0.9640625 0.46796875 0.0109375 0.0515625
2 0.26171875 0.4046875 0.01328125 0.03671875
2 0.54765625 0.4453125 0.009375 0.04609375
2 0.415625 0.43828125 0.01171875 0.04375
2 0.31171875 0.41875 0.01171875 0.04375
2 0.5203125 0.45625 0.01171875 0.04453125
2 0.6234375 0.52421875 0.00859375 0.05390625
3 0.34765625 0.43359375 0.01640625 0.0453125
2 0.203125 0.44375 0.0109375 0.046875
2 0.8875 0.60390625 0.0171875 0.0609375
2 0.39921875 0.609375 0.0203125 0.06171875
2 0.7328125 0.4328125 0.01484375 0.04375
3 0.17734375 0.88359375 0.02421875 0.0859375
2 0.24921875 0.63671875 0.01171875 0.0640625
2 0.20234375 0.5515625 0.01484375 0.0609375
3 0.66328125 0.3359375 0.0109375 0.03515625
0 0.41640625 0.384375 0.00703125 0.01171875
2 0.41640625 0.4234375 0.01171875 0.0421875