2 0.39921875 0.34921875 0.0125 0.05078125
2 0.36640625 0.38671875 0.01796875 0.04296875
1 0.25546875 0.4359375 0.0140625 0.04921875
2 0.2640625 0.45859375 0.0171875 0.06796875
2 0.453125 0.37578125 0.01171875 0.05703125
2 0.2375 0.47890625 0.0140625 0.0609375
2 0.484375 0.48203125 0.01640625 0.06484375
2 0.32734375 0.484375 0.02578125 0.065625
2 0.26875 0.5171875 0.02734375 0.07890625
2 0.640625 0.3859375 0.02109375 0.0640625
2 0.30390625 0.44296875 0.02265625 0.05703125
3 0.74765625 0.34453125 0.015625 0.06171875
2 0.4203125 0.446875 0.01640625 0.071875
2 0.521875 0.36875 0.0265625 0.0640625
2 0.38046875 0.42578125 0.02109375 0.06015625
2 0.41875 0.48984375 0.02890625 0.0609375
2 0.61953125 0.459375 0.01171875 0.07578125
2 0.7671875 0.33046875 0.01484375 0.06171875
2 0.5609375 0.5203125 0.01640625 0.08125
2 0.27890625 0.56171875 0.0234375 0.09609375
2 0.915625 0.5515625 0.02421875 0.08359375
0 0.390625 0.37421875 0.00625 0.009375