1 0.1203125 0.3453125 0.0140625 0.0484375
2 0.48515625 0.253125 0.009375 0.05390625
2 0.1625 0.33359375 0.01484375 0.0515625
2 0.421875 0.221875 0.0140625 0.0546875
2 0.47734375 0.2234375 0.0125 0.0484375
2 0.47890625 0.265625 0.01328125 0.053125
2 0.11328125 0.3765625 0.01171875 0.059375
2 0.44765625 0.234375 0.01328125 0.05078125
2 0.27734375 0.31015625 0.0109375 0.0484375
2 0.59375 0.31171875 0.0109375 0.06328125
2 0.6125 0.23046875 0.01015625 0.05078125
3 0.5390625 0.27578125 0.021875 0.059375
2 0.4078125 0.3296875 0.01015625 0.0515625
2 0.45390625 0.28125 0.0125 0.0609375
2 0.15703125 0.38046875 0.01484375 0.065625
2 0.296875 0.303125 0.01328125 0.05859375
2 0.209375 0.39921875 0.01171875 0.06328125
2 0.25859375 0.3234375 0.015625 0.06640625
2 0.7953125 0.3390625 0.01328125 0.07109375
2 0.83125 0.35390625 0.02109375 0.06953125
2 0.5359375 0.47109375 0.01640625 0.0765625
2 0.91484375 0.290625 0.01796875 0.06640625