2 0.3921875 0.1765625 0.01640625 0.034375
3 0.06640625 0.98046875 0.0140625 0.0390625
2 0.459375 0.23359375 0.01484375 0.03671875
3 0.515625 0.1671875 0.00859375 0.03046875
2 0.30390625 0.2390625 0.0125 0.0390625
2 0.45 0.23828125 0.01328125 0.04453125
2 0.35859375 0.2140625 0.01015625 0.040625
1 0.96875 0.3328125 0.01328125 0.05859375
2 0.30703125 0.2703125 0.01640625 0.0484375
2 0.440625 0.2765625 0.0109375 0.05078125
2 0.334375 0.25234375 0.01640625 0.04375
2 0.471875 0.2859375 0.01015625 0.053125
2 0.5703125 0.27421875 0.0109375 0.05078125
2 0.60546875 0.33203125 0.01171875 0.06171875
2 0.6390625 0.34296875 0.01171875 0.059375
2 0.440625 0.36171875 0.0125 0.059375
2 0.2359375 0.30859375 0.01171875 0.05859375
3 0.4703125 0.359375 0.01171875 0.06171875
2 0.65625 0.396875 0.01328125 0.06640625
2 0.475 0.5140625 0.01640625 0.06953125
2 0.575 0.43046875 0.01328125 0.0640625
2 0.121875 0.41328125 0.0171875 0.06640625
2 0.7046875 0.4515625 0.0125 0.06640625
2 0.5578125 0.69296875 0.02109375 0.09375
0 0.30859375 0.25703125 0.0046875 0.009375