2 0.44296875 0.28828125 0.009375 0.034375
2 0.64609375 0.27109375 0.01171875 0.03203125
2 0.28515625 0.296875 0.01015625 0.03828125
2 0.2484375 0.28125 0.00859375 0.03671875
2 0.2109375 0.30546875 0.0109375 0.04375
2 0.34296875 0.328125 0.01015625 0.04453125
2 0.8 0.3734375 0.009375 0.0453125
2 0.1265625 0.41796875 0.0109375 0.05546875
2 0.83046875 0.33984375 0.009375 0.04453125
2 0.23984375 0.3671875 0.01171875 0.04375
2 0.31015625 0.44375 0.01015625 0.05546875
2 0.18046875 0.3359375 0.0125 0.0453125
2 0.66328125 0.4 0.01484375 0.04453125
2 0.32890625 0.38203125 0.01328125 0.05078125
3 0.48125 0.37578125 0.009375 0.0484375
1 0.90390625 0.39375 0.015625 0.0484375
2 0.10859375 0.5578125 0.01875 0.06171875
2 0.14609375 0.61875 0.015625 0.07421875
2 0.18515625 0.478125 0.01484375 0.0609375
2 0.4609375 0.5703125 0.01953125 0.06484375
2 0.528125 0.7453125 0.02578125 0.07578125
0 0.6484375 0.4203125 0.00625 0.01171875
3 0.68515625 0.2296875 0.00859375 0.03125
2 0.38984375 0.23515625 0.01171875 0.03125