3 0.559375 0.0671875 0.01015625 0.034375
2 0.44921875 0.09140625 0.01171875 0.04375
0 0.1890625 0.6390625 0.0078125 0.01328125
2 0.6296875 0.19296875 0.01171875 0.05390625
2 0.64140625 0.221875 0.0078125 0.0546875
2 0.709375 0.3484375 0.015625 0.071875
2 0.54375 0.3875 0.01171875 0.07109375
2 0.34375 0.37109375 0.01015625 0.07578125
2 0.5046875 0.24921875 0.01328125 0.0609375
2 0.7609375 0.446875 0.01328125 0.07890625
2 0.396875 0.18515625 0.01171875 0.05703125
2 0.5796875 0.32421875 0.0171875 0.06328125
2 0.53984375 0.546875 0.01484375 0.09453125
3 0.6015625 0.40703125 0.015625 0.0765625
2 0.55234375 0.60546875 0.01953125 0.0890625
2 0.40546875 0.31875 0.03203125 0.06953125
2 0.09375 0.2765625 0.015625 0.06796875
2 0.7359375 0.40703125 0.0171875 0.07890625
2 0.81171875 0.67109375 0.02109375 0.09921875
2 0.79140625 0.62109375 0.021875 0.08203125
2 0.328125 0.66328125 0.0296875 0.09375
2 0.5734375 0.8765625 0.02890625 0.109375
2 0.17421875 0.61796875 0.03828125 0.09453125