2 0.4046875 0.178125 0.0109375 0.03984375
3 0.00859375 0.9765625 0.01484375 0.04453125
2 0.65 0.45625 0.01953125 0.071875
2 0.625 0.34296875 0.0140625 0.05859375
2 0.60625 0.290625 0.015625 0.0515625
2 0.2875 0.35546875 0.0140625 0.05859375
2 0.4234375 0.240625 0.0078125 0.046875
2 0.65703125 0.403125 0.01484375 0.06328125
2 0.21796875 0.28203125 0.01484375 0.05
3 0.525 0.434375 0.01328125 0.06875
2 0.725 0.55546875 0.01953125 0.078125
2 0.53515625 0.35078125 0.01171875 0.05546875
2 0.3671875 0.446875 0.01796875 0.0734375
2 0.68203125 0.434375 0.01484375 0.0640625
2 0.36640625 0.37421875 0.01328125 0.06015625
2 0.4859375 0.315625 0.01171875 0.0546875
2 0.19375 0.48046875 0.01640625 0.0765625
2 0.55390625 0.36953125 0.01484375 0.065625
2 0.4921875 0.56875 0.01640625 0.07890625
2 0.6078125 0.51328125 0.01796875 0.071875
2 0.57109375 0.89140625 0.02109375 0.1203125
2 0.6046875 0.2734375 0.0109375 0.04921875
3 0.528125 0.16015625 0.009375 0.040625
0 0.25390625 0.3140625 0.00546875 0.0109375