0 0.59140625 0.471875 0.00625 0.01015625
2 0.3890625 0.1953125 0.0078125 0.03515625
2 0.3875 0.33359375 0.0140625 0.05
3 0.4921875 0.328125 0.0203125 0.0515625
2 0.74296875 0.25859375 0.01171875 0.04453125
2 0.4859375 0.26953125 0.0140625 0.0453125
2 0.26171875 0.2859375 0.01015625 0.0484375
2 0.33671875 0.321875 0.0140625 0.046875
2 0.36640625 0.39296875 0.015625 0.06015625
2 0.28515625 0.2578125 0.01328125 0.0453125
2 0.215625 0.3234375 0.0109375 0.05390625
2 0.87421875 0.36875 0.01328125 0.05625
2 0.60859375 0.43828125 0.025 0.05859375
2 0.340625 0.47578125 0.01953125 0.05859375
2 0.909375 0.3875 0.0171875 0.05859375
2 0.2515625 0.39921875 0.01484375 0.053125
2 0.184375 0.41640625 0.01796875 0.06015625
2 0.340625 0.87109375 0.0328125 0.090625
2 0.184375 0.53359375 0.0171875 0.07109375
2 0.43203125 0.5859375 0.02265625 0.0734375
2 0.30390625 0.53671875 0.01796875 0.07109375
2 0.11640625 0.53671875 0.01640625 0.06484375
3 0.7390625 0.19296875 0.0125 0.03984375