2 0.6796875 0.21796875 0.01328125 0.053125
0 0.19375 0.31875 0.00546875 0.01015625
3 0.58671875 0.07734375 0.009375 0.0453125
2 0.603125 0.371875 0.01484375 0.07265625
2 0.46484375 0.0890625 0.01015625 0.0453125
2 0.84453125 0.62578125 0.02734375 0.09140625
2 0.6796875 0.23359375 0.0109375 0.0640625
2 0.52265625 0.2421875 0.01015625 0.06171875
3 0.60625 0.3875 0.0140625 0.07265625
2 0.43046875 0.175 0.01015625 0.05390625
2 0.18125 0.28671875 0.01953125 0.06484375
2 0.5640625 0.303125 0.01640625 0.05625
2 0.84140625 0.58203125 0.02734375 0.08359375
2 0.72890625 0.32578125 0.01484375 0.06640625
2 0.46015625 0.290625 0.0125 0.06640625
2 0.34453125 0.303125 0.01328125 0.06875
2 0.759375 0.39453125 0.01484375 0.07421875
2 0.6109375 0.46328125 0.0203125 0.07578125
2 0.77109375 0.4125 0.021875 0.0765625
2 0.1640625 0.51015625 0.02265625 0.0890625
2 0.35546875 0.5234375 0.0234375 0.08359375
2 0.61328125 0.55703125 0.02265625 0.08515625
2 0.67734375 0.89921875 0.03046875 0.11171875