2 0.53828125 0.38125 0.00859375 0.034375
0 0.7453125 0.55703125 0.00546875 0.01015625
2 0.42890625 0.3 0.00703125 0.03359375
2 0.5359375 0.3984375 0.01015625 0.04140625
2 0.56640625 0.33515625 0.00703125 0.03515625
2 0.45390625 0.603125 0.01640625 0.0515625
2 0.4125 0.35390625 0.0078125 0.03828125
2 0.50546875 0.37421875 0.00859375 0.04375
2 0.39609375 0.4359375 0.01015625 0.0453125
2 0.3796875 0.40390625 0.00859375 0.04296875
2 0.2578125 0.54453125 0.0109375 0.0484375
1 0.075 0.4140625 0.0125 0.04609375
2 0.44140625 0.3359375 0.00859375 0.03828125
2 0.33359375 0.44765625 0.01328125 0.046875
2 0.775 0.38359375 0.00859375 0.04140625
2 0.3546875 0.41796875 0.01171875 0.046875
2 0.47421875 0.4859375 0.01015625 0.0515625
2 0.775 0.46953125 0.01328125 0.0484375
2 0.6640625 0.4734375 0.01015625 0.05
3 0.521875 0.39765625 0.01328125 0.04140625
2 0.76328125 0.56328125 0.01484375 0.05703125
2 0.1734375 0.73046875 0.01953125 0.059375
3 0.04765625 0.8578125 0.02890625 0.084375
3 0.746875 0.29140625 0.00859375 0.0328125
2 0.48828125 0.2859375 0.01015625 0.03515625