2 0.653125 0.33125 0.00703125 0.034375
1 0.8015625 0.34296875 0.01015625 0.0359375
2 0.65859375 0.3453125 0.0078125 0.03515625
3 0.5796875 0.27734375 0.00703125 0.0265625
2 0.55859375 0.3109375 0.00546875 0.02890625
2 0.67265625 0.3265625 0.0078125 0.03671875
2 0.315625 0.31953125 0.0078125 0.028125
2 0.49921875 0.3171875 0.00703125 0.034375
2 0.703125 0.34609375 0.0125 0.0390625
2 0.6375 0.35390625 0.00859375 0.0359375
2 0.6703125 0.38125 0.01328125 0.04140625
2 0.6125 0.32734375 0.00859375 0.03984375
2 0.50078125 0.35859375 0.0078125 0.04296875
2 0.43515625 0.32265625 0.0078125 0.03828125
2 0.734375 0.37109375 0.009375 0.04453125
2 0.2 0.346875 0.0078125 0.0390625
2 0.2328125 0.340625 0.01171875 0.03515625
2 0.184375 0.45546875 0.01171875 0.05859375
2 0.2 0.43828125 0.01171875 0.05703125
2 0.13359375 0.41171875 0.0125 0.0515625
3 0.03515625 0.871875 0.02578125 0.11171875
3 0.49921875 0.3421875 0.01796875 0.03984375
2 0.5359375 0.2890625 0.0109375 0.028125
2 0.52421875 0.29609375 0.009375 0.03125
0 0.5171875 0.2984375 0.0046875 0.0078125