3 0.75546875 0.26796875 0.00859375 0.0296875
2 0.33125 0.3796875 0.0125 0.0484375
2 0.3234375 0.3359375 0.0109375 0.03515625
2 0.57890625 0.40078125 0.01015625 0.0484375
2 0.31953125 0.37734375 0.01640625 0.05078125
2 0.41015625 0.3640625 0.01015625 0.04140625
2 0.4796875 0.34140625 0.00703125 0.04296875
2 0.70078125 0.3265625 0.01171875 0.04296875
2 0.84765625 0.3859375 0.01953125 0.05078125
2 0.84296875 0.43359375 0.015625 0.05546875
2 0.5703125 0.496875 0.01171875 0.05546875
2 0.61796875 0.3515625 0.01171875 0.0453125
2 0.6484375 0.97890625 0.01953125 0.040625
2 0.3953125 0.390625 0.0109375 0.046875
2 0.875 0.49453125 0.0203125 0.059375
3 0.46484375 0.43046875 0.0140625 0.05078125
2 0.54765625 0.42578125 0.01875 0.0484375
2 0.88125 0.5578125 0.0234375 0.065625
2 0.26953125 0.61640625 0.01953125 0.06328125
2 0.85625 0.73359375 0.02265625 0.07578125
2 0.22734375 0.546875 0.01484375 0.059375
2 0.503125 0.5390625 0.01640625 0.06171875
2 0.1890625 0.44765625 0.0125 0.05625
0 0.33671875 0.3421875 0.0046875 0.01015625