3 0.51875 0.28984375 0.00703125 0.028125
2 0.49765625 0.35078125 0.01015625 0.03515625
2 0.365625 0.33359375 0.0078125 0.03203125
2 0.44375 0.5984375 0.01484375 0.04375
2 0.3828125 0.45078125 0.00703125 0.04296875
2 0.6046875 0.43828125 0.01015625 0.0453125
2 0.7171875 0.67421875 0.0109375 0.05078125
2 0.2125 0.39296875 0.009375 0.0390625
2 0.4859375 0.46328125 0.01015625 0.0453125
2 0.32578125 0.415625 0.00625 0.03984375
2 0.59765625 0.40703125 0.009375 0.046875
2 0.35 0.7546875 0.01484375 0.07421875
2 0.71640625 0.728125 0.01484375 0.06796875
2 0.615625 0.49609375 0.0109375 0.0484375
2 0.371875 0.4765625 0.00859375 0.05
2 0.3078125 0.5234375 0.01328125 0.0453125
1 0.8328125 0.40625 0.01015625 0.04296875
3 0.0265625 0.9625 0.0171875 0.075
2 0.62578125 0.49609375 0.00859375 0.0515625
2 0.50703125 0.39765625 0.00703125 0.03984375
3 0.5265625 0.47890625 0.0109375 0.05078125
2 0.5546875 0.5296875 0.01328125 0.05
2 0.16484375 0.5484375 0.02109375 0.053125
0 0.165625 0.5703125 0.00546875 0.01171875