2 0.4015625 0.29921875 0.00859375 0.03046875
2 0.4890625 0.328125 0.0078125 0.03359375
2 0.3984375 0.36171875 0.00703125 0.03515625
2 0.575 0.38125 0.0078125 0.0390625
2 0.51015625 0.446875 0.009375 0.04609375
2 0.36875 0.384375 0.00859375 0.0359375
2 0.44765625 0.39921875 0.009375 0.03984375
2 0.62734375 0.63125 0.01171875 0.06015625
2 0.4859375 0.48046875 0.009375 0.046875
2 0.30234375 0.4015625 0.01015625 0.0390625
2 0.271875 0.34140625 0.0078125 0.0359375
2 0.58359375 0.4125 0.009375 0.04375
2 0.2890625 0.453125 0.01015625 0.046875
2 0.6125 0.46171875 0.01015625 0.0484375
2 0.27734375 0.38671875 0.00703125 0.03828125
2 0.60078125 0.459375 0.00703125 0.0515625
2 0.08359375 0.475 0.00859375 0.04453125
2 0.4953125 0.4921875 0.0125 0.046875
1 0.915625 0.41328125 0.01171875 0.04453125
2 0.26875 0.68125 0.015625 0.06796875
2 0.64609375 0.79296875 0.01640625 0.0734375
0 0.096875 0.49375 0.0046875 0.01015625
2 0.559375 0.28359375 0.00703125 0.02890625
2 0.57734375 0.37578125 0.00859375 0.03828125