3 0.88828125 0.26953125 0.00859375 0.03359375
1 0.16640625 0.34296875 0.01640625 0.0359375
2 0.346875 0.35625 0.0125 0.03984375
2 0.65 0.334375 0.009375 0.04296875
3 0.5234375 0.3796875 0.009375 0.04609375
2 0.47421875 0.4140625 0.0109375 0.04609375
2 0.59296875 0.45703125 0.00859375 0.05625
2 0.60078125 0.453125 0.015625 0.05703125
2 0.853125 0.46640625 0.01171875 0.059375
2 0.32265625 0.3625 0.01640625 0.03984375
2 0.79765625 0.74296875 0.01484375 0.0765625
2 0.2703125 0.4109375 0.0171875 0.046875
2 0.4359375 0.3890625 0.01484375 0.046875
2 0.4890625 0.36640625 0.01640625 0.046875
2 0.45546875 0.44375 0.01015625 0.05390625
2 0.88828125 0.60234375 0.01796875 0.07109375
2 0.83515625 0.45390625 0.01640625 0.053125
2 0.57421875 0.50703125 0.0125 0.05859375
2 0.26015625 0.51171875 0.01484375 0.05390625
2 0.86796875 0.72109375 0.02109375 0.084375
2 0.61484375 0.59453125 0.0234375 0.06015625
2 0.340625 0.34921875 0.0109375 0.0375
2 0.35 0.34453125 0.015625 0.046875