2 0.340625 0.30703125 0.01015625 0.028125
2 0.59296875 0.44453125 0.0078125 0.04375
2 0.36484375 0.3609375 0.009375 0.03671875
2 0.46015625 0.32265625 0.009375 0.034375
2 0.40234375 0.38046875 0.00859375 0.03828125
2 0.5546875 0.375 0.0109375 0.0390625
2 0.25390625 0.32890625 0.00859375 0.0359375
2 0.571875 0.39609375 0.00703125 0.04140625
2 0.49296875 0.44140625 0.01015625 0.0484375
2 0.2265625 0.37265625 0.0109375 0.03828125
2 0.59375 0.490625 0.0109375 0.05546875
1 0.928125 0.41171875 0.01015625 0.04609375
2 0.44765625 0.471875 0.01015625 0.05
2 0.28984375 0.40234375 0.009375 0.03984375
2 0.3265625 0.38125 0.00703125 0.040625
3 0.47890625 0.42578125 0.00703125 0.0453125
2 0.0765625 0.4609375 0.01171875 0.0484375
2 0.196875 0.4359375 0.01328125 0.04921875
2 0.6046875 0.62109375 0.01484375 0.05703125
2 0.24296875 0.646875 0.0140625 0.06484375
2 0.55703125 0.71796875 0.01953125 0.06640625
0 0.23671875 0.38828125 0.00546875 0.01015625
2 0.553125 0.365625 0.01015625 0.04375
3 0.55234375 0.28359375 0.00703125 0.0296875