2 0.2140625 0.37890625 0.0078125 0.04453125
2 0.221875 0.34609375 0.0078125 0.03671875
2 0.209375 0.36796875 0.0109375 0.04609375
2 0.25625 0.5234375 0.00859375 0.05390625
2 0.4328125 0.28125 0.00703125 0.03203125
2 0.825 0.378125 0.01484375 0.040625
2 0.2453125 0.5140625 0.01015625 0.0515625
2 0.51875 0.6234375 0.01015625 0.05859375
2 0.7046875 0.32890625 0.009375 0.03828125
2 0.209375 0.48515625 0.00859375 0.05546875
3 0.4203125 0.38125 0.00859375 0.04375
2 0.34765625 0.39609375 0.01015625 0.04375
2 0.91484375 0.45625 0.01171875 0.05
2 0.30546875 0.35859375 0.00859375 0.03671875
2 0.58125 0.3828125 0.0078125 0.04375
2 0.46953125 0.31796875 0.0078125 0.0359375
2 0.26953125 0.621875 0.01953125 0.06171875
3 0.13984375 0.92421875 0.02265625 0.08828125
2 0.64375 0.775 0.01953125 0.07421875
2 0.21875 0.57578125 0.0140625 0.059375
2 0.33046875 0.64609375 0.015625 0.06796875
2 0.6484375 0.446875 0.0125 0.053125
2 0.59296875 0.4421875 0.01328125 0.053125
0 0.8171875 0.39609375 0.00546875 0.01015625
3 0.6375 0.24140625 0.00859375 0.034375