2 0.3234375 0.41796875 0.01171875 0.03984375
2 0.11640625 0.48046875 0.015625 0.0453125
2 0.37734375 0.421875 0.00703125 0.04296875
2 0.13515625 0.48671875 0.01171875 0.0484375
2 0.4703125 0.47890625 0.01328125 0.04609375
2 0.425 0.5015625 0.0078125 0.04921875
2 0.5828125 0.37421875 0.0078125 0.03203125
2 0.765625 0.58046875 0.009375 0.05390625
3 0.48984375 0.4515625 0.0109375 0.04375
2 0.3125 0.59453125 0.01015625 0.059375
2 0.82578125 0.4515625 0.0109375 0.04140625
2 0.80390625 0.434375 0.009375 0.04140625
2 0.5890625 0.42265625 0.0125 0.04140625
2 0.54140625 0.58359375 0.0109375 0.0546875
2 0.39609375 0.7015625 0.02109375 0.06484375
2 0.63515625 0.53046875 0.0125 0.053125
2 0.88828125 0.70703125 0.01796875 0.06953125
2 0.4640625 0.63046875 0.01171875 0.0609375
2 0.8921875 0.54140625 0.01484375 0.05390625
2 0.87109375 0.80546875 0.01796875 0.07890625
2 0.56015625 0.74296875 0.025 0.06640625
3 0.91953125 0.35625 0.01171875 0.03984375