1 0.9609375 0.446875 0.0171875 0.0484375
2 0.44921875 0.41875 0.0125 0.03828125
2 0.30078125 0.44296875 0.0125 0.046875
2 0.44296875 0.45390625 0.01015625 0.04453125
2 0.1765625 0.43671875 0.01484375 0.04140625
2 0.5796875 0.4140625 0.00859375 0.04140625
2 0.57265625 0.45 0.00859375 0.04609375
2 0.48515625 0.5609375 0.01171875 0.05703125
2 0.68671875 0.46171875 0.01484375 0.053125
2 0.1875 0.5015625 0.01796875 0.0515625
2 0.1953125 0.47890625 0.01171875 0.05
2 0.409375 0.48359375 0.01640625 0.04453125
2 0.5984375 0.4859375 0.01015625 0.04921875
2 0.6296875 0.46953125 0.0109375 0.04609375
2 0.48671875 0.60859375 0.01953125 0.05703125
2 0.715625 0.47890625 0.01171875 0.05078125
2 0.13046875 0.55625 0.0171875 0.06171875
2 0.78046875 0.57890625 0.01171875 0.059375
2 0.06328125 0.52734375 0.015625 0.05859375
3 0.6328125 0.52578125 0.01328125 0.05703125
2 0.82421875 0.66328125 0.0234375 0.07109375
0 0.4203125 0.4546875 0.00625 0.01171875
2 0.690625 0.44375 0.01015625 0.046875
3 0.5859375 0.35078125 0.01015625 0.03515625