2 0.89609375 0.534375 0.01640625 0.04296875
2 0.559375 0.4171875 0.0078125 0.0359375
2 0.5859375 0.45625 0.00703125 0.0359375
2 0.603125 0.49375 0.01171875 0.04140625
2 0.38359375 0.43984375 0.00859375 0.03515625
2 0.5453125 0.4640625 0.01015625 0.03828125
2 0.36953125 0.4375 0.00703125 0.03828125
2 0.72578125 0.52265625 0.00859375 0.0453125
2 0.40625 0.5453125 0.01015625 0.0484375
2 0.5828125 0.5296875 0.00859375 0.04609375
2 0.11953125 0.5546875 0.009375 0.05390625
2 0.38984375 0.5390625 0.009375 0.0484375
2 0.609375 0.590625 0.00859375 0.05078125
2 0.13671875 0.63671875 0.009375 0.0609375
2 0.596875 0.59921875 0.0109375 0.05625
2 0.78828125 0.58359375 0.01328125 0.05
3 0.0953125 0.8140625 0.0140625 0.08359375
2 0.153125 0.63671875 0.0140625 0.06328125
2 0.91875 0.54140625 0.0078125 0.04453125
2 0.90859375 0.54609375 0.0109375 0.04375
1 0.640625 0.4171875 0.01015625 0.0359375
2 0.56875 0.42109375 0.01015625 0.03671875