3 0.63359375 0.28828125 0.00859375 0.04375
2 0.31796875 0.32890625 0.00859375 0.04140625
2 0.2375 0.346875 0.009375 0.05078125
2 0.38828125 0.371875 0.01328125 0.0546875
2 0.4171875 0.365625 0.01484375 0.0484375
2 0.24375 0.45390625 0.015625 0.06328125
2 0.546875 0.3140625 0.01640625 0.040625
2 0.57890625 0.409375 0.0109375 0.05234375
2 0.33671875 0.3953125 0.0109375 0.05390625
3 0.28515625 0.4171875 0.01171875 0.0640625
2 0.25859375 0.46953125 0.01328125 0.06953125
2 0.534375 0.4765625 0.01875 0.0734375
2 0.796875 0.52734375 0.01640625 0.0765625
2 0.1046875 0.51875 0.01796875 0.0796875
2 0.6765625 0.41328125 0.01953125 0.06328125
2 0.58046875 0.75390625 0.01796875 0.09921875
2 0.50703125 0.48046875 0.01328125 0.06640625
2 0.1671875 0.41640625 0.01640625 0.065625
2 0.084375 0.49375 0.01796875 0.075
2 0.13671875 0.63828125 0.02265625 0.0859375
2 0.2953125 0.61875 0.015625 0.08828125
2 0.071875 0.59453125 0.01953125 0.084375
0 0.578125 0.38125 0.00546875 0.0109375