2 0.45078125 0.3515625 0.01015625 0.03828125
2 0.77421875 0.3921875 0.0078125 0.05078125
2 0.66328125 0.365625 0.009375 0.040625
2 0.41484375 0.340625 0.01328125 0.04375
2 0.43984375 0.39453125 0.01015625 0.04453125
2 0.26484375 0.35390625 0.01015625 0.04453125
2 0.71015625 0.4125 0.01015625 0.04921875
2 0.70703125 0.45546875 0.01328125 0.04921875
2 0.4609375 0.4015625 0.01015625 0.04921875
1 0.14375 0.37109375 0.01328125 0.04609375
2 0.6453125 0.403125 0.01328125 0.05078125
2 0.8625 0.4421875 0.01484375 0.05625
2 0.5203125 0.384375 0.00859375 0.04609375
3 0.55078125 0.43046875 0.009375 0.05546875
2 0.1796875 0.4734375 0.009375 0.0609375
2 0.89609375 0.5015625 0.01328125 0.06640625
2 0.8359375 0.5484375 0.0171875 0.06328125
2 0.3640625 0.446875 0.0140625 0.059375
2 0.85625 0.51484375 0.01640625 0.06875
2 0.6765625 0.50546875 0.0109375 0.0609375
2 0.51953125 0.52578125 0.01796875 0.06015625
2 0.3640625 0.5578125 0.01328125 0.06796875
0 0.26796875 0.3734375 0.00546875 0.01015625
3 0.8640625 0.35 0.01015625 0.04453125