2 0.515625 0.34375 0.01171875 0.0421875
2 0.4015625 0.32890625 0.01171875 0.0390625
3 0.73984375 0.321875 0.009375 0.040625
2 0.41484375 0.35546875 0.01015625 0.04140625
2 0.38125 0.3515625 0.01171875 0.040625
2 0.46328125 0.334375 0.0109375 0.03671875
2 0.653125 0.35 0.0109375 0.040625
2 0.4890625 0.3671875 0.0140625 0.03984375
3 0.4 0.39921875 0.0109375 0.05703125
2 0.25703125 0.36796875 0.01328125 0.05078125
2 0.303125 0.40546875 0.01328125 0.05
2 0.1984375 0.43828125 0.01484375 0.059375
2 0.609375 0.384375 0.01171875 0.053125
2 0.28046875 0.40625 0.01328125 0.053125
2 0.56875 0.753125 0.0203125 0.090625
2 0.1453125 0.521875 0.01796875 0.06796875
2 0.5171875 0.4609375 0.0140625 0.05703125
2 0.8296875 0.521875 0.01484375 0.0703125
2 0.175 0.51953125 0.028125 0.0734375
2 0.2234375 0.715625 0.01484375 0.0859375
2 0.76171875 0.40546875 0.0109375 0.05859375
2 0.359375 0.52109375 0.01953125 0.06484375
0 0.4265625 0.3625 0.00546875 0.0109375