2 0.61953125 0.51015625 0.0125 0.0390625
2 0.5265625 0.37578125 0.0078125 0.03046875
2 0.61015625 0.53359375 0.01640625 0.0421875
2 0.5390625 0.39140625 0.0078125 0.03125
2 0.7109375 0.4796875 0.01015625 0.040625
2 0.70546875 0.40078125 0.00703125 0.03828125
2 0.8 0.4234375 0.01015625 0.03984375
2 0.853125 0.50703125 0.01328125 0.05
0 0.24296875 0.75234375 0.00546875 0.01171875
2 0.68203125 0.63359375 0.02109375 0.05
2 0.69453125 0.4671875 0.01171875 0.04375
2 0.06953125 0.55390625 0.01953125 0.05078125
2 0.5453125 0.434375 0.0078125 0.040625
2 0.3765625 0.4015625 0.00859375 0.040625
2 0.2359375 0.7140625 0.03046875 0.06484375
1 0.1453125 0.43515625 0.01171875 0.04453125
2 0.290625 0.68359375 0.01875 0.06015625
2 0.40234375 0.48046875 0.009375 0.04921875
2 0.4171875 0.465625 0.009375 0.04375
2 0.90078125 0.54140625 0.01953125 0.04921875
2 0.2125 0.53671875 0.021875 0.05703125
2 0.68828125 0.6109375 0.02578125 0.03984375
3 0.83125 0.375 0.00859375 0.03359375
2 0.85390625 0.4921875 0.0140625 0.053125