2 0.44375 0.3515625 0.0109375 0.03046875
2 0.61953125 0.3765625 0.009375 0.040625
2 0.36953125 0.38359375 0.01015625 0.03671875
2 0.6046875 0.3921875 0.00859375 0.04375
2 0.60625 0.43046875 0.0078125 0.04453125
2 0.56953125 0.44375 0.01796875 0.05078125
2 0.5765625 0.48515625 0.01484375 0.05390625
2 0.69375 0.50078125 0.01328125 0.053125
2 0.353125 0.41796875 0.0125 0.04375
2 0.621875 0.46171875 0.01953125 0.053125
3 0.54296875 0.46796875 0.01171875 0.0515625
1 0.153125 0.43125 0.01171875 0.04609375
1 0.9359375 0.4265625 0.01484375 0.053125
2 0.425 0.5203125 0.0109375 0.05546875
3 0.19375 0.828125 0.02734375 0.096875
2 0.23359375 0.5796875 0.01328125 0.06484375
0 0.15859375 0.446875 0.00546875 0.01015625
2 0.371875 0.3640625 0.00859375 0.03515625
2 0.63828125 0.4203125 0.01171875 0.04609375
2 0.659375 0.4140625 0.0109375 0.0375
2 0.6453125 0.415625 0.01015625 0.0453125
2 0.65234375 0.4 0.00859375 0.04140625
2 0.66015625 0.45625 0.01328125 0.04609375
2 0.66796875 0.44765625 0.009375 0.04140625
2 0.66953125 0.4296875 0.00859375 0.03828125
3 0.59765625 0.33203125 0.00703125 0.02890625