2 0.3109375 0.44140625 0.00625 0.03046875
2 0.5703125 0.43671875 0.00546875 0.0296875
2 0.56953125 0.4765625 0.00703125 0.034375
2 0.47109375 0.44453125 0.00546875 0.03125
2 0.25703125 0.54921875 0.01328125 0.040625
2 0.70390625 0.47265625 0.00859375 0.034375
2 0.22734375 0.48046875 0.00859375 0.0390625
2 0.8921875 0.55859375 0.00859375 0.04375
2 0.625 0.4921875 0.0078125 0.03828125
2 0.38203125 0.51875 0.00859375 0.040625
3 0.0515625 0.784375 0.02578125 0.0703125
2 0.78359375 0.6015625 0.01015625 0.04296875
3 0.584375 0.51953125 0.01171875 0.0390625
2 0.0734375 0.61875 0.01015625 0.05390625
1 0.87265625 0.53046875 0.01328125 0.03671875
2 0.5265625 0.50859375 0.0078125 0.03828125
2 0.60234375 0.58125 0.0078125 0.046875
2 0.13046875 0.6109375 0.0203125 0.05
2 0.34453125 0.5609375 0.009375 0.0453125
2 0.3828125 0.71640625 0.01796875 0.05625
2 0.78203125 0.68828125 0.0125 0.05625
2 0.24140625 0.69140625 0.01484375 0.06328125
2 0.296875 0.440625 0.00703125 0.0328125
0 0.87265625 0.53125 0.0046875 0.01015625