2 0.26953125 0.4109375 0.01171875 0.03671875
3 0.33046875 0.4078125 0.0109375 0.03203125
2 0.76640625 0.45078125 0.01328125 0.034375
2 0.1546875 0.4859375 0.01171875 0.04296875
2 0.7015625 0.41171875 0.0171875 0.03671875
2 0.16171875 0.5109375 0.01171875 0.04296875
2 0.3203125 0.42421875 0.0109375 0.03671875
2 0.4296875 0.415625 0.00859375 0.0359375
2 0.228125 0.440625 0.00859375 0.04375
2 0.3796875 0.4609375 0.01171875 0.040625
2 0.51953125 0.45625 0.0078125 0.03828125
2 0.5484375 0.43984375 0.01328125 0.04296875
2 0.2828125 0.4828125 0.01328125 0.0453125
2 0.6984375 0.46328125 0.01640625 0.04296875
2 0.3640625 0.56328125 0.01640625 0.053125
2 0.81328125 0.4921875 0.01484375 0.05078125
2 0.7890625 0.528125 0.01796875 0.05546875
1 0.075 0.4234375 0.0109375 0.0359375
2 0.76796875 0.41328125 0.01171875 0.0390625
3 0.7546875 0.3625 0.009375 0.0296875
2 0.6859375 0.403125 0.01328125 0.03828125
2 0.22890625 0.41953125 0.009375 0.03515625
0 0.26875 0.425 0.0046875 0.0078125
2 0.67578125 0.40078125 0.0125 0.0375