3 0.84609375 0.32890625 0.00859375 0.0359375
2 0.6515625 0.33515625 0.01328125 0.0328125
2 0.63984375 0.3375 0.01015625 0.0375
2 0.246875 0.321875 0.0078125 0.03671875
2 0.2875 0.33515625 0.01015625 0.0390625
2 0.73203125 0.35859375 0.009375 0.03828125
2 0.6203125 0.35703125 0.01328125 0.040625
1 0.09140625 0.36953125 0.01171875 0.04609375
2 0.27421875 0.34296875 0.0078125 0.04296875
2 0.63671875 0.4 0.009375 0.04453125
3 0.39765625 0.3515625 0.01171875 0.04375
2 0.42265625 0.34453125 0.00703125 0.03984375
2 0.4546875 0.37421875 0.0109375 0.0390625
2 0.37265625 0.384375 0.01171875 0.04453125
2 0.4140625 0.3859375 0.009375 0.046875
2 0.19453125 0.41953125 0.0140625 0.05
2 0.2109375 0.4421875 0.01484375 0.046875
2 0.85390625 0.4125 0.0125 0.053125
2 0.5390625 0.4296875 0.0078125 0.05
2 0.81171875 0.53125 0.01640625 0.06796875
2 0.83515625 0.48125 0.01171875 0.0609375
2 0.60078125 0.54921875 0.01953125 0.06015625