2 0.69609375 0.3734375 0.0109375 0.040625
2 0.50859375 0.36640625 0.00625 0.03359375
2 0.33515625 0.37421875 0.01015625 0.04375
2 0.8640625 0.45859375 0.0109375 0.053125
2 0.79296875 0.3984375 0.01171875 0.03828125
2 0.72734375 0.43125 0.01015625 0.04375
2 0.5265625 0.38671875 0.00859375 0.0390625
2 0.6828125 0.41328125 0.00859375 0.0453125
2 0.16328125 0.51015625 0.01328125 0.05703125
2 0.4265625 0.421875 0.01015625 0.0484375
2 0.86640625 0.49453125 0.01328125 0.05859375
2 0.81171875 0.56015625 0.01484375 0.05703125
1 0.14140625 0.40625 0.01015625 0.04609375
2 0.69296875 0.53046875 0.0109375 0.05390625
2 0.40078125 0.40703125 0.00859375 0.04140625
2 0.715625 0.48125 0.0140625 0.05078125
2 0.88359375 0.50703125 0.01328125 0.05859375
2 0.525 0.55703125 0.0140625 0.05859375
3 0.59921875 0.45859375 0.0109375 0.046875
2 0.3546875 0.47421875 0.01171875 0.05546875
2 0.31640625 0.653125 0.01875 0.071875
3 0.8546875 0.359375 0.01171875 0.040625
2 0.46953125 0.3484375 0.01171875 0.03828125
0 0.1765625 0.53515625 0.00703125 0.0125