2 0.40703125 0.66875 0.02734375 0.046875
2 0.76171875 0.35390625 0.0125 0.04453125
3 0.025 0.671875 0.028125 0.078125
2 0.71015625 0.36171875 0.009375 0.04375
2 0.4984375 0.31640625 0.009375 0.0390625
2 0.68125 0.4171875 0.0109375 0.0546875
2 0.56640625 0.33125 0.00859375 0.04140625
2 0.40703125 0.38203125 0.01015625 0.053125
2 0.7921875 0.44296875 0.0109375 0.06015625
1 0.06015625 0.40546875 0.0125 0.0546875
2 0.803125 0.43359375 0.01328125 0.059375
3 0.69375 0.453125 0.01328125 0.06015625
2 0.26328125 0.55 0.01640625 0.071875
2 0.24609375 0.46796875 0.02109375 0.05546875
2 0.328125 0.63359375 0.0265625 0.07890625
2 0.87421875 0.59453125 0.01953125 0.08046875
2 0.25 0.628125 0.0203125 0.0609375
2 0.41640625 0.396875 0.0125 0.05546875
2 0.08984375 0.590625 0.02265625 0.07890625
2 0.1859375 0.66640625 0.01796875 0.08671875
2 0.70390625 0.63046875 0.0203125 0.0859375
2 0.85390625 0.71171875 0.02265625 0.09296875
0 0.253125 0.4890625 0.00703125 0.01328125
2 0.69296875 0.309375 0.0125 0.03984375
3 0.78515625 0.278125 0.00859375 0.03515625