0 0.4078125 0.628125 0.00703125 0.01171875
2 0.7046875 0.30703125 0.00859375 0.03671875
2 0.40078125 0.3640625 0.009375 0.0453125
2 0.7578125 0.38125 0.00859375 0.04921875
2 0.80390625 0.4046875 0.0109375 0.05
2 0.43671875 0.52265625 0.01328125 0.06171875
2 0.40078125 0.43125 0.01484375 0.04921875
2 0.52890625 0.309375 0.00859375 0.0390625
2 0.89296875 0.540625 0.01640625 0.075
2 0.5890625 0.321875 0.009375 0.040625
2 0.421875 0.34140625 0.00859375 0.04609375
3 0.72578125 0.44375 0.0125 0.06015625
2 0.8171875 0.42578125 0.0109375 0.059375
1 0.10390625 0.40078125 0.01171875 0.05546875
3 0.034375 0.65390625 0.01484375 0.07421875
2 0.41640625 0.54453125 0.01484375 0.06796875
2 0.72421875 0.61328125 0.01796875 0.0765625
2 0.46796875 0.671875 0.02890625 0.0703125
2 0.83984375 0.62421875 0.01640625 0.08203125
2 0.4015625 0.675 0.01796875 0.08359375
2 0.215625 0.58984375 0.01796875 0.07578125
2 0.09453125 0.6234375 0.02578125 0.0859375
3 0.81015625 0.28125 0.01171875 0.0359375
2 0.7609375 0.3359375 0.00859375 0.040625
2 0.76796875 0.33359375 0.0078125 0.03984375