3 0.83046875 0.1625 0.0125 0.0546875
2 0.58125 0.16953125 0.01640625 0.046875
2 0.46015625 0.1859375 0.01484375 0.04375
2 0.39375 0.17109375 0.01015625 0.04921875
2 0.315625 0.18125 0.0109375 0.0515625
2 0.475 0.203125 0.01953125 0.05
2 0.73515625 0.190625 0.01015625 0.05546875
2 0.53984375 0.19375 0.01640625 0.0640625
2 0.55390625 0.196875 0.01328125 0.05859375
2 0.34609375 0.18984375 0.0140625 0.04453125
2 0.80546875 0.19453125 0.01328125 0.05625
2 0.37109375 0.1625 0.0140625 0.04375
2 0.865625 0.265625 0.0140625 0.06953125
2 0.3 0.19765625 0.01953125 0.0453125
2 0.715625 0.26171875 0.01640625 0.06640625
2 0.22578125 0.24375 0.01484375 0.06640625
3 0.44453125 0.24375 0.01640625 0.0640625
2 0.36875 0.23125 0.01328125 0.06484375
2 0.73671875 0.36953125 0.015625 0.08515625
2 0.23828125 0.3265625 0.0140625 0.075
2 0.5453125 0.321875 0.0171875 0.078125
2 0.14765625 0.32421875 0.01484375 0.07421875