2 0.2765625 0.2578125 0.00859375 0.0453125
2 0.28359375 0.2609375 0.009375 0.04453125
2 0.41328125 0.20546875 0.01171875 0.03359375
2 0.24921875 0.284375 0.009375 0.046875
2 0.3859375 0.2203125 0.0171875 0.0359375
2 0.21796875 0.30078125 0.00859375 0.04609375
2 0.33984375 0.2765625 0.009375 0.05078125
3 0.484375 0.2359375 0.0078125 0.04140625
2 0.42421875 0.24140625 0.01015625 0.04140625
2 0.2546875 0.3234375 0.00859375 0.05390625
2 0.58203125 0.22578125 0.00859375 0.03984375
2 0.2375 0.32421875 0.01015625 0.05078125
2 0.32578125 0.34765625 0.01640625 0.0546875
2 0.8609375 0.29453125 0.0109375 0.053125
2 0.83515625 0.3671875 0.01796875 0.065625
2 0.5234375 0.30703125 0.0171875 0.04921875
2 0.5984375 0.29921875 0.0140625 0.0515625
2 0.84375 0.29375 0.0109375 0.0546875
0 0.3953125 0.23515625 0.00546875 0.0109375
2 0.4234375 0.20703125 0.0140625 0.0375
1 0.19140625 0.2859375 0.0140625 0.0421875
2 0.33984375 0.25703125 0.0140625 0.04296875