2 0.65 0.28359375 0.0140625 0.0359375
1 0.07421875 0.3125 0.01015625 0.04921875
2 0.6796875 0.26875 0.01171875 0.034375
2 0.29609375 0.2484375 0.0109375 0.0390625
2 0.77265625 0.31640625 0.01015625 0.04609375
2 0.63984375 0.31953125 0.01328125 0.04921875
2 0.34921875 0.31796875 0.01171875 0.0453125
2 0.7640625 0.34453125 0.0125 0.05078125
2 0.37578125 0.31875 0.01328125 0.0390625
2 0.38515625 0.27734375 0.009375 0.04375
2 0.1875 0.31484375 0.009375 0.0484375
2 0.24609375 0.35078125 0.01328125 0.05078125
2 0.34140625 0.43046875 0.01171875 0.05703125
2 0.80625 0.39140625 0.01484375 0.05546875
2 0.4484375 0.37421875 0.0109375 0.05390625
2 0.46328125 0.375 0.0125 0.05703125
3 0.59921875 0.3640625 0.01171875 0.05703125
2 0.765625 0.52890625 0.01875 0.0765625
2 0.103125 0.48984375 0.01640625 0.07578125
2 0.39453125 0.68046875 0.01953125 0.0984375
2 0.8046875 0.4796875 0.0234375 0.06875
3 0.80703125 0.24609375 0.01171875 0.04296875
2 0.640625 0.24609375 0.01171875 0.0375
0 0.33671875 0.34296875 0.00546875 0.01015625