0 0.5296875 0.2 0.00546875 0.0109375
2 0.49765625 0.140625 0.01484375 0.0515625
2 0.45546875 0.1984375 0.01640625 0.05703125
2 0.27421875 0.2546875 0.01640625 0.071875
2 0.56953125 0.17109375 0.0203125 0.0484375
2 0.6140625 0.17890625 0.01953125 0.0515625
2 0.43671875 0.15859375 0.015625 0.0546875
2 0.63125 0.203125 0.01796875 0.0640625
2 0.42421875 0.1828125 0.0140625 0.06171875
2 0.92265625 0.21328125 0.0140625 0.07109375
2 0.4640625 0.22890625 0.01875 0.06484375
2 0.66640625 0.19375 0.0171875 0.06328125
2 0.81328125 0.21640625 0.01953125 0.06640625
2 0.78828125 0.2890625 0.01171875 0.0796875
3 0.653125 0.25390625 0.02421875 0.07109375
2 0.9171875 0.2921875 0.01875 0.0765625
2 0.5765625 0.25390625 0.0234375 0.07421875
2 0.52265625 0.4109375 0.02890625 0.09375
2 0.30390625 0.21328125 0.02421875 0.06640625
2 0.4 0.246875 0.02578125 0.071875
2 0.43046875 0.284375 0.02734375 0.06796875
2 0.20546875 0.30625 0.015625 0.07578125