2 0.64140625 0.34375 0.01171875 0.04140625
2 0.58203125 0.26171875 0.00859375 0.03828125
2 0.33359375 0.37109375 0.0125 0.046875
2 0.821875 0.46640625 0.0140625 0.03828125
2 0.640625 0.37265625 0.01015625 0.05625
2 0.67109375 0.2984375 0.00859375 0.04140625
2 0.465625 0.31640625 0.01328125 0.03984375
2 0.82109375 0.509375 0.01484375 0.07421875
2 0.528125 0.34140625 0.01015625 0.04609375
2 0.27421875 0.29140625 0.009375 0.04609375
2 0.5375 0.4453125 0.01328125 0.06484375
2 0.33984375 0.38671875 0.0125 0.0546875
2 0.1515625 0.3890625 0.01015625 0.06015625
2 0.753125 0.39453125 0.01640625 0.06015625
2 0.77734375 0.37890625 0.01328125 0.059375
2 0.4734375 0.71953125 0.01796875 0.096875
2 0.79140625 0.43359375 0.01796875 0.06484375
2 0.41953125 0.45859375 0.0125 0.071875
3 0.625 0.45078125 0.01328125 0.06875
2 0.5078125 0.47734375 0.0171875 0.06796875
2 0.12578125 0.57421875 0.01953125 0.08671875
3 0.70703125 0.24765625 0.0109375 0.040625
0 0.328125 0.3875 0.00703125 0.01328125