2 0.49296875 0.2046875 0.00859375 0.05
2 0.48046875 0.18359375 0.01171875 0.0515625
2 0.42109375 0.20078125 0.0078125 0.04453125
2 0.70546875 0.209375 0.01171875 0.0609375
2 0.44921875 0.1890625 0.01640625 0.05703125
2 0.3875 0.1984375 0.009375 0.0640625
2 0.60234375 0.1828125 0.01484375 0.0546875
2 0.56484375 0.21171875 0.01640625 0.0546875
2 0.5546875 0.2140625 0.01640625 0.05625
2 0.659375 0.215625 0.0140625 0.06015625
2 0.6984375 0.253125 0.0140625 0.06796875
2 0.490625 0.25078125 0.01640625 0.0703125
2 0.2328125 0.26796875 0.01640625 0.071875
2 0.4140625 0.23671875 0.01796875 0.0703125
2 0.734375 0.26171875 0.01796875 0.07109375
2 0.3109375 0.28984375 0.01875 0.0703125
2 0.7234375 0.325 0.01484375 0.08359375
2 0.271875 0.2265625 0.0203125 0.06484375
3 0.53671875 0.2890625 0.021875 0.07578125
2 0.25859375 0.340625 0.025 0.08125
3 0.76484375 0.1546875 0.0140625 0.05546875
0 0.5390625 0.04296875 0.00703125 0.01328125