3 0.784375 0.2203125 0.01015625 0.04140625
0 0.209375 0.32109375 0.00625 0.01171875
2 0.65625 0.24375 0.00859375 0.0390625
2 0.8859375 0.45390625 0.01796875 0.071875
2 0.59453125 0.27890625 0.01328125 0.04140625
2 0.74140625 0.27890625 0.01171875 0.04609375
2 0.89609375 0.47421875 0.01328125 0.0640625
2 0.36953125 0.26015625 0.01015625 0.04453125
2 0.7234375 0.321875 0.01953125 0.05
2 0.846875 0.30703125 0.01328125 0.0515625
2 0.321875 0.25234375 0.0171875 0.03984375
2 0.44453125 0.31640625 0.0125 0.04921875
2 0.47578125 0.409375 0.02265625 0.065625
2 0.31875 0.31484375 0.01796875 0.040625
2 0.80234375 0.3546875 0.01484375 0.0609375
2 0.49375 0.47578125 0.0234375 0.06796875
2 0.55625 0.396875 0.0203125 0.06171875
2 0.82265625 0.4 0.02265625 0.06484375
3 0.68046875 0.40625 0.01796875 0.06875
2 0.64765625 0.72578125 0.02578125 0.10625
2 0.0921875 0.3484375 0.01015625 0.05859375
2 0.12421875 0.55859375 0.025 0.08984375