2 0.34921875 0.2390625 0.009375 0.03828125
3 0.79609375 0.234375 0.00859375 0.0390625
2 0.3265625 0.2515625 0.0140625 0.03515625
2 0.346875 0.35546875 0.01640625 0.04921875
2 0.290625 0.34453125 0.01484375 0.0515625
2 0.31953125 0.2765625 0.01328125 0.040625
3 0.4703125 0.31171875 0.01796875 0.0484375
2 0.4109375 0.28359375 0.01640625 0.0390625
2 0.553125 0.31953125 0.0109375 0.046875
2 0.64921875 0.25703125 0.01015625 0.0390625
2 0.8109375 0.25859375 0.01015625 0.03984375
2 0.5796875 0.25703125 0.01484375 0.04140625
2 0.38125 0.271875 0.01171875 0.04296875
2 0.5046875 0.42578125 0.01875 0.05625
2 0.59609375 0.26328125 0.01171875 0.0453125
2 0.16953125 0.38515625 0.028125 0.05
2 0.190625 0.38671875 0.0140625 0.053125
2 0.29921875 0.41171875 0.0203125 0.059375
2 0.1625 0.32578125 0.01484375 0.0515625
2 0.4328125 0.3359375 0.01953125 0.04921875
2 0.8390625 0.3484375 0.01796875 0.06015625
2 0.31796875 0.30234375 0.015625 0.04375