2 0.47421875 0.25078125 0.01171875 0.04921875
2 0.56640625 0.240625 0.00859375 0.046875
2 0.52890625 0.2546875 0.0125 0.04921875
2 0.48359375 0.2625 0.021875 0.05078125
2 0.45546875 0.23671875 0.01328125 0.04609375
2 0.40546875 0.246875 0.009375 0.0515625
2 0.6734375 0.25546875 0.009375 0.0546875
2 0.5515625 0.2546875 0.01015625 0.040625
2 0.659375 0.25546875 0.0109375 0.0515625
2 0.86171875 0.27421875 0.00859375 0.053125
1 0.1421875 0.26953125 0.01484375 0.0609375
2 0.41875 0.296875 0.0140625 0.05546875
2 0.34921875 0.27578125 0.0125 0.0546875
2 0.91796875 0.2734375 0.01328125 0.05703125
2 0.27421875 0.315625 0.015625 0.05703125
3 0.6421875 0.27578125 0.015625 0.05546875
2 0.88125 0.34609375 0.02109375 0.06484375
2 0.56171875 0.28671875 0.01640625 0.05859375
2 0.8484375 0.34609375 0.0140625 0.06640625
2 0.5140625 0.3859375 0.02734375 0.0640625
0 0.51953125 0.27109375 0.00546875 0.01015625
2 0.53125 0.21015625 0.0109375 0.03671875
2 0.5265625 0.2390625 0.0140625 0.046875