2 0.49921875 0.27265625 0.00625 0.02890625
2 0.58203125 0.36484375 0.00703125 0.03671875
2 0.29921875 0.31328125 0.00703125 0.028125
2 0.4484375 0.371875 0.00859375 0.0390625
2 0.534375 0.29609375 0.0078125 0.03125
2 0.4265625 0.3625 0.00859375 0.034375
2 0.59453125 0.3921875 0.00859375 0.0453125
1 0.7609375 0.37265625 0.0125 0.04140625
2 0.290625 0.41640625 0.0078125 0.03984375
2 0.60390625 0.4015625 0.00859375 0.04375
2 0.62734375 0.42265625 0.00859375 0.04375
2 0.53046875 0.41015625 0.0078125 0.0390625
2 0.4625 0.428125 0.01171875 0.03984375
2 0.64140625 0.434375 0.01015625 0.04453125
3 0.6015625 0.48046875 0.01015625 0.046875
2 0.27109375 0.51328125 0.01484375 0.0390625
2 0.62109375 0.53671875 0.009375 0.053125
2 0.79140625 0.75234375 0.01484375 0.06171875
2 0.20703125 0.428125 0.01484375 0.0453125
2 0.6921875 0.534375 0.01328125 0.05
3 0.1203125 0.97421875 0.01875 0.0515625
2 0.51171875 0.5984375 0.015625 0.05703125
2 0.30546875 0.6578125 0.01484375 0.06796875
3 0.50234375 0.253125 0.00703125 0.02734375
0 0.25859375 0.4859375 0.0046875 0.009375