2 0.39765625 0.359375 0.00703125 0.0359375
2 0.47265625 0.328125 0.00703125 0.03125
2 0.60390625 0.33828125 0.00703125 0.025
2 0.36796875 0.39140625 0.01015625 0.0390625
1 0.1890625 0.37578125 0.00703125 0.03671875
2 0.51796875 0.33125 0.0078125 0.0296875
2 0.4515625 0.33828125 0.00703125 0.03203125
2 0.41640625 0.36328125 0.00703125 0.03203125
2 0.578125 0.40546875 0.00859375 0.0359375
2 0.459375 0.40234375 0.009375 0.04140625
3 0.496875 0.36015625 0.0078125 0.03359375
2 0.61328125 0.3375 0.00703125 0.03046875
2 0.81953125 0.421875 0.0078125 0.0359375
2 0.4671875 0.43046875 0.01015625 0.03984375
2 0.35625 0.40546875 0.009375 0.03984375
2 0.3734375 0.47890625 0.0109375 0.04296875
2 0.321875 0.44453125 0.00859375 0.04609375
2 0.7140625 0.453125 0.00859375 0.04453125
2 0.296875 0.440625 0.01171875 0.040625
2 0.4015625 0.615625 0.01015625 0.05390625
2 0.828125 0.46953125 0.0109375 0.0453125
2 0.8578125 0.5109375 0.01171875 0.04375
3 0.81171875 0.3390625 0.0078125 0.0296875