0 0.20078125 0.5109375 0.00546875 0.0109375
2 0.44453125 0.384375 0.00859375 0.04296875
2 0.48671875 0.28203125 0.00625 0.028125
2 0.2828125 0.32109375 0.0078125 0.03203125
2 0.53984375 0.30625 0.01015625 0.03203125
2 0.5875 0.378125 0.0078125 0.04296875
1 0.775 0.36875 0.00859375 0.04296875
2 0.6046875 0.390625 0.01015625 0.040625
2 0.17421875 0.4234375 0.0109375 0.0390625
2 0.6140625 0.44296875 0.01171875 0.0484375
2 0.65546875 0.47578125 0.01171875 0.053125
2 0.64375 0.42890625 0.00703125 0.04375
2 0.45234375 0.4046875 0.009375 0.04296875
2 0.56484375 0.46328125 0.00859375 0.04375
2 0.81015625 0.7484375 0.01484375 0.06328125
2 0.3078125 0.47578125 0.0109375 0.04375
2 0.68359375 0.5515625 0.0140625 0.05859375
2 0.40625 0.678125 0.01484375 0.07109375
3 0.60703125 0.51796875 0.0125 0.05546875
2 0.60625 0.6390625 0.0140625 0.06328125
2 0.48359375 0.50859375 0.01015625 0.05703125
2 0.265625 0.6140625 0.01484375 0.06015625
2 0.11015625 0.97421875 0.021875 0.05
2 0.6890625 0.621875 0.0171875 0.06484375
3 0.4921875 0.25078125 0.009375 0.03515625