3 0.459375 0.24765625 0.00859375 0.025
2 0.16171875 0.34296875 0.00703125 0.03359375
0 0.40390625 0.7109375 0.00859375 0.0109375
1 0.73671875 0.35625 0.00703125 0.0359375
2 0.4265625 0.29296875 0.00703125 0.03515625
3 0.096875 0.98515625 0.01328125 0.028125
2 0.509375 0.309375 0.01015625 0.03359375
2 0.4921875 0.6390625 0.01640625 0.0640625
2 0.59140625 0.378125 0.01171875 0.0390625
2 0.4984375 0.66015625 0.0171875 0.0609375
2 0.6328125 0.43203125 0.01171875 0.040625
3 0.5875 0.51953125 0.0109375 0.0515625
2 0.59765625 0.4859375 0.01328125 0.053125
2 0.178125 0.77109375 0.0125 0.06953125
2 0.5578125 0.36953125 0.00703125 0.040625
2 0.39921875 0.40859375 0.009375 0.04453125
2 0.76171875 0.71875 0.01328125 0.06328125
2 0.42265625 0.3984375 0.0140625 0.040625
2 0.1828125 0.471875 0.01328125 0.05
2 0.6890625 0.47578125 0.0140625 0.0453125
2 0.33046875 0.546875 0.01953125 0.0484375
2 0.67734375 0.5484375 0.01796875 0.05390625
2 0.746875 0.6578125 0.01640625 0.0640625
2 0.6234375 0.62421875 0.0171875 0.06171875
2 0.590625 0.5015625 0.01171875 0.05234375