2 0.37109375 0.278125 0.00703125 0.0265625
2 0.09453125 0.46328125 0.01015625 0.046875
2 0.48046875 0.30234375 0.009375 0.03203125
2 0.6 0.49921875 0.0125 0.04921875
1 0.7515625 0.3671875 0.0109375 0.04375
2 0.359375 0.3609375 0.0140625 0.0390625
2 0.12421875 0.3171875 0.00703125 0.02890625
2 0.690625 0.4984375 0.01953125 0.05
2 0.53203125 0.35390625 0.01015625 0.03828125
2 0.72578125 0.54296875 0.01796875 0.0515625
2 0.590625 0.65546875 0.0234375 0.06328125
2 0.57890625 0.37421875 0.01328125 0.040625
2 0.565625 0.5359375 0.01953125 0.05625
2 0.3953125 0.359375 0.01328125 0.040625
2 0.73984375 0.65078125 0.015625 0.06484375
2 0.76171875 0.72578125 0.02109375 0.06328125
2 0.21015625 0.61171875 0.01171875 0.05703125
2 0.64375 0.4828125 0.01953125 0.053125
2 0.27265625 0.51875 0.01171875 0.0515625
3 0.5265625 0.4796875 0.015625 0.05
2 0.56953125 0.6296875 0.02421875 0.05546875
2 0.69140625 0.48203125 0.01015625 0.0453125
0 0.5921875 0.67578125 0.00703125 0.01484375
3 0.4453125 0.24140625 0.00703125 0.0265625