2 0.778125 0.4109375 0.0078125 0.04375
2 0.809375 0.37578125 0.01171875 0.04296875
2 0.1171875 0.453125 0.01640625 0.04921875
2 0.8828125 0.4875 0.015625 0.05390625
2 0.58828125 0.3515625 0.00859375 0.0390625
2 0.74296875 0.39609375 0.00703125 0.04375
2 0.77109375 0.484375 0.01328125 0.059375
2 0.56953125 0.4234375 0.01015625 0.0515625
2 0.39609375 0.3109375 0.0078125 0.03984375
1 0.203125 0.36328125 0.009375 0.04375
3 0.67421875 0.42265625 0.01328125 0.04921875
2 0.74609375 0.49296875 0.00859375 0.0546875
2 0.58125 0.42734375 0.0078125 0.04921875
2 0.8734375 0.540625 0.01640625 0.06953125
2 0.809375 0.64765625 0.01484375 0.0734375
2 0.54765625 0.66328125 0.0140625 0.075
2 0.8265625 0.565625 0.01171875 0.065625
2 0.596875 0.50859375 0.0171875 0.05703125
2 0.88203125 0.4703125 0.01484375 0.05390625
2 0.87109375 0.39375 0.0140625 0.05078125
2 0.79765625 0.334375 0.0125 0.0453125
3 0.8671875 0.30234375 0.0109375 0.040625
2 0.67421875 0.3 0.009375 0.0359375
0 0.15546875 0.465625 0.00546875 0.0109375