3 0.7859375 0.2015625 0.00859375 0.04140625
2 0.3875 0.2328125 0.0109375 0.046875
2 0.69375 0.221875 0.01484375 0.03671875
2 0.61484375 0.2625 0.00859375 0.04921875
2 0.63828125 0.29296875 0.01015625 0.05
2 0.825 0.290625 0.01171875 0.05625
2 0.5078125 0.26875 0.009375 0.05078125
2 0.4734375 0.296875 0.01328125 0.05546875
2 0.8375 0.346875 0.0125 0.06171875
2 0.73203125 0.31796875 0.0109375 0.05703125
2 0.4046875 0.28828125 0.01171875 0.05078125
2 0.85625 0.38125 0.0140625 0.06796875
2 0.6578125 0.36171875 0.0140625 0.059375
3 0.73515625 0.37578125 0.01328125 0.06953125
2 0.1875 0.48359375 0.0125 0.078125
2 0.8859375 0.42421875 0.01484375 0.07578125
2 0.440625 0.3640625 0.0140625 0.0640625
1 0.096875 0.31953125 0.0140625 0.05703125
2 0.80390625 0.43671875 0.01171875 0.06875
2 0.5234375 0.4328125 0.01640625 0.06953125
2 0.6078125 0.70625 0.01796875 0.1
2 0.865625 0.54296875 0.0203125 0.08359375
0 0.40703125 0.3078125 0.00546875 0.01171875
2 0.61953125 0.20390625 0.009375 0.04296875