2 0.5703125 0.2140625 0.0140625 0.0390625
2 0.68203125 0.27890625 0.0125 0.05
2 0.69453125 0.325 0.01015625 0.05703125
2 0.8484375 0.37421875 0.01953125 0.06484375
2 0.27890625 0.278125 0.01640625 0.053125
2 0.77734375 0.4234375 0.0265625 0.06328125
2 0.484375 0.28359375 0.01015625 0.0515625
2 0.809375 0.29921875 0.0171875 0.05625
2 0.50859375 0.35078125 0.01328125 0.06328125
2 0.51875 0.35390625 0.01328125 0.06171875
2 0.72890625 0.32265625 0.01796875 0.053125
2 0.84921875 0.41328125 0.01640625 0.07421875
2 0.7421875 0.396875 0.0140625 0.06796875
2 0.75390625 0.453125 0.02265625 0.06953125
2 0.5515625 0.4609375 0.01484375 0.071875
2 0.10625 0.478125 0.01953125 0.07421875
3 0.67734375 0.37734375 0.01328125 0.06796875
1 0.10390625 0.328125 0.01484375 0.05859375
2 0.4796875 0.72890625 0.01640625 0.1015625
2 0.86328125 0.4359375 0.01796875 0.0734375
2 0.77734375 0.60703125 0.02421875 0.090625
3 0.80625 0.2171875 0.0109375 0.04296875
0 0.2953125 0.3 0.00625 0.0109375
2 0.675 0.24140625 0.01171875 0.0453125