3 0.71015625 0.2828125 0.00625 0.0359375
2 0.41640625 0.28828125 0.00859375 0.03359375
2 0.45703125 0.32578125 0.009375 0.04453125
2 0.59765625 0.34453125 0.00703125 0.03671875
2 0.64140625 0.30625 0.00859375 0.03515625
2 0.59375 0.384375 0.009375 0.05
2 0.5046875 0.31171875 0.01015625 0.03515625
2 0.3609375 0.315625 0.01015625 0.03828125
2 0.45234375 0.3453125 0.0125 0.04296875
2 0.72421875 0.35625 0.01015625 0.04609375
3 0.48359375 0.36171875 0.009375 0.04296875
2 0.3546875 0.38203125 0.01015625 0.0484375
2 0.45390625 0.43046875 0.01015625 0.053125
2 0.3234375 0.375 0.01171875 0.05
2 0.29296875 0.496875 0.01015625 0.06875
2 0.6109375 0.45859375 0.01171875 0.0609375
2 0.64140625 0.41796875 0.015625 0.0546875
3 0.06953125 0.759375 0.03828125 0.11015625
2 0.16640625 0.71328125 0.01953125 0.0984375
2 0.24609375 0.55546875 0.01328125 0.07109375
2 0.27109375 0.4375 0.01484375 0.0640625
2 0.81015625 0.415625 0.0109375 0.05546875
2 0.77265625 0.59375 0.01953125 0.08203125
0 0.715625 0.37734375 0.0046875 0.0109375