2 0.4875 0.37421875 0.00859375 0.03203125
3 0.51171875 0.42109375 0.00859375 0.03671875
2 0.54375 0.38984375 0.00859375 0.0390625
2 0.265625 0.46015625 0.01171875 0.0484375
2 0.27109375 0.43203125 0.01015625 0.04609375
2 0.3390625 0.41875 0.009375 0.04375
2 0.2484375 0.45390625 0.01171875 0.04609375
2 0.7234375 0.4390625 0.01015625 0.04609375
2 0.3546875 0.40703125 0.009375 0.04296875
2 0.4359375 0.41015625 0.01015625 0.040625
2 0.7703125 0.43671875 0.0078125 0.04609375
2 0.62890625 0.48359375 0.0109375 0.053125
2 0.42421875 0.484375 0.0125 0.0484375
2 0.58515625 0.47421875 0.009375 0.05
2 0.43984375 0.48359375 0.0125 0.04921875
2 0.4625 0.475 0.01796875 0.04296875
3 0.05546875 0.56015625 0.021875 0.0578125
2 0.340625 0.52578125 0.01171875 0.0546875
2 0.809375 0.57578125 0.021875 0.06328125
2 0.7328125 0.60703125 0.015625 0.07109375
2 0.60859375 0.5796875 0.01875 0.06484375
1 0.22265625 0.375 0.0109375 0.0421875
2 0.2515625 0.4359375 0.0109375 0.04296875
0 0.40390625 0.4875 0.00703125 0.01328125
3 0.81640625 0.33046875 0.01015625 0.03359375