2 0.4828125 0.29921875 0.01171875 0.03125
3 0.7140625 0.28828125 0.009375 0.0359375
2 0.58046875 0.3109375 0.009375 0.02890625
2 0.60859375 0.315625 0.015625 0.03359375
3 0.5203125 0.3578125 0.00859375 0.04140625
2 0.42578125 0.3234375 0.009375 0.03828125
2 0.59921875 0.334375 0.01171875 0.03984375
2 0.56328125 0.371875 0.0125 0.04609375
2 0.40703125 0.3234375 0.00859375 0.040625
2 0.69375 0.3515625 0.01015625 0.0453125
2 0.48046875 0.36640625 0.01015625 0.04375
1 0.01875 0.36875 0.01015625 0.05
2 0.81015625 0.36171875 0.01015625 0.046875
2 0.79453125 0.43046875 0.015625 0.05546875
2 0.353125 0.4484375 0.01171875 0.059375
2 0.56796875 0.40546875 0.01171875 0.05078125
2 0.5859375 0.41640625 0.0140625 0.05546875
2 0.31484375 0.425 0.01171875 0.059375
2 0.32890625 0.5078125 0.01796875 0.06171875
2 0.7265625 0.59375 0.01953125 0.0796875
2 0.16953125 0.69375 0.02109375 0.09609375
2 0.60078125 0.315625 0.0109375 0.034375
0 0.5890625 0.3046875 0.0046875 0.0078125
2 0.509375 0.29609375 0.0109375 0.03515625
3 0.1265625 0.76875 0.03046875 0.10859375